54,1
73,1
56,1
57,1
58,1
59,1
60,1
60,1
62,1
63,1
15,1
65,1
66,1
67,1
68,1
69,1
70,1
71,1
72,1
73,1
99,1
100,1
101,1
55,1
103,1
104,1
105,1
106,1
107,1
108,1
109,1
55,1
111,1
112,1
120,1
114,1
115,1
116,1
117,1
19,1
119,1
120,1
71,1
124,1
36,1
127,1
136,1
39,1
45,1
34,1
37,1
3,1
54,1
30,1
48,1
7,1
8,1
8,1
8,1
11,1
12,1
13,1
14,1
65,1
16,1
5,1
18,1
37,1
59,1
21,1
22,1
103,1
125,1
8,1
26,1
36,1
8,1
29,1
30,1
31,1
100,1
33,1
125,1
16,1
36,1
37,1
38,1
39,1
36,1
41,1
42,1
43,1
44,1
125,1
46,1
47,1
8,1
54,1
121,1
50,1
52,1
22,1
54,1
73,1
56,1
57,1
58,1
138,1
60,1
61,1
65,1
63,1
64,1
63,1
22,1
67,1
63,1
15,1
65,1
71,1
72,1
73,1
99,1
100,1
101,1
102,1
103,1
104,1
105,1
106,1
107,1
108,1
58,1
55,1
18,1
112,1
113,1
114,1
115,1
115,1
117,1
118,1
119,1
120,1
136,1
46,1
124,1
36,1
58,1
127,1
129,1
138,1
137,1
138,1
139,1
140,1
141,1
142,1
114,1
144,1
16,1
17,1
150,1
136,1
36,1
125,1
2,1
121,1
7,1
17,1
6,1
7,1
8,1
8,1
8,1
73,1
12,1
13,1
14,1
16,1
20,1
17,1
18,1
19,1
20,1
21,1
22,1
23,1
36,1
8,1
26,1
39,1
8,1
29,1
30,1
31,1
32,1
33,1
144,1
109,1
36,1
37,1
38,1
39,1
70,1
41,1
69,1
41,1
44,1
25,1
46,1
47,1
8,1
49,1
121,1
54,1
49,1
53,1
54,1
55,1
56,1
57,1
58,1
59,1
60,1
7,1
62,1
63,1
15,1
65,1
22,1
37,1
68,1
11,1
70,1
65,1
72,1
73,1
99,1
100,1
101,1
102,1
103,1
104,1
113,1
106,1
107,1
108,1
17,1
110,1
111,1
112,1
113,1
114,1
115,1
115,1
117,1
118,1
119,1
120,1
50,1
46,1
123,1
36,1
140,1
127,1
19,1
61,1
136,1
138,1
139,1
17,1
141,1
142,1
143,1
144,1
14,1
115,1
150,1
69,1
87,1
85,1
76,1
77,1
78,1
93,1
80,1
81,1
82,1
80,1
84,1
75,1
132,1
85,1
88,1
94,1
90,1
90,1
92,1
93,1
94,1
95,1
96,1
97,1
98,1
130,1
131,1
86,1
133,1
134,1
148,1
130,1
148,1
64,1
1,1
37,1
3,1
49,1
5,1
6,1
3,1
8,1
10,1
10,1
11,1
12,1
13,1
14,1
16,1
16,1
5,1
18,1
19,1
22,1
21,1
22,1
23,1
24,1
25,1
26,1
27,1
8,1
49,1
30,1
31,1
32,1
33,1
24,1
16,1
36,1
37,1
41,1
39,1
31,1
41,1
42,1
31,1
44,1
125,1
32,1
47,1
48,1
50,1
49,1
21,1
121,1
53,1
54,1
55,1
56,1
57,1
58,1
59,1
60,1
61,1
62,1
121,1
64,1
62,1
66,1
37,1
68,1
151,1
70,1
121,1
72,1
73,1
73,1
100,1
101,1
102,1
103,1
104,1
105,1
106,1
107,1
108,1
109,1
55,1
111,1
112,1
113,1
114,1
115,1
116,1
117,1
19,1
119,1
120,1
50,1
53,1
123,1
122,1
36,1
126,1
127,1
129,1
137,1
137,1
61,1
139,1
139,1
141,1
142,1
143,1
13,1
14,1
149,1
48,1
137,1
63,1
1,1
37,1
21,1
4,1
17,1
20,1
7,1
8,1
10,1
10,1
11,1
12,1
13,1
14,1
2,1
16,1
17,1
18,1
19,1
66,1
21,1
22,1
23,1
24,1
25,1
26,1
25,1
28,1
29,1
30,1
2,1
32,1
33,1
24,1
16,1
36,1
2,1
31,1
2,1
24,1
41,1
42,1
2,1
27,1
45,1
151,1
47,1
48,1
4,1
7,1
1,1
51,1
1,1
54,1
55,1
56,1
57,1
58,1
59,1
60,1
61,1
67,1
63,1
64,1
67,1
66,1
67,1
68,1
69,1
24,1
71,1
22,1
73,1
99,1
100,1
101,1
47,1
103,1
104,1
105,1
106,1
107,1
108,1
109,1
101,1
33,1
112,1
113,1
114,1
115,1
116,1
117,1
118,1
119,1
120,1
5,1
53,1
124,1
62,1
127,1
54,1
138,1
87,1
75,1
74,1
77,1
78,1
79,1
80,1
89,1
74,1
83,1
84,1
85,1
86,1
148,1
88,1
89,1
90,1
91,1
92,1
131,1
94,1
95,1
96,1
97,1
98,1
130,1
131,1
132,1
133,1
134,1
135,1
146,1
133,1
35,1
145,1
2,1
20,1
49,1
62,1
6,1
7,1
8,1
9,1
51,1
11,1
12,1
13,1
145,1
15,1
16,1
5,1
13,1
19,1
21,1
21,1
20,1
3,1
125,1
25,1
26,1
27,1
8,1
29,1
30,1
64,1
100,1
33,1
34,1
35,1
62,1
15,1
41,1
31,1
31,1
41,1
5,1
5,1
44,1
44,1
7,1
28,1
48,1
50,1
50,1
3,1
51,1
53,1
54,1
55,1
56,1
103,1
20,1
60,1
61,1
62,1
62,1
62,1
62,1
15,1
5,1
68,1
37,1
62,1
29,1
72,1
73,1
73,1
5,1
101,1
102,1
5,1
104,1
106,1
106,1
107,1
108,1
103,1
110,1
111,1
112,1
19,1
114,1
115,1
116,1
67,1
118,1
119,1
120,1
52,1
124,1
34,1
17,1
127,1
124,1
129,1
139,1
141,1
142,1
114,1
144,1
5,1
17,1
145,1
52,1
0,1
1,1
37,1
3,1
49,1
5,1
6,1
7,1
48,1
10,1
25,1
11,1
12,1
13,1
14,1
15,1
16,1
64,1
24,1
19,1
61,1
21,1
22,1
23,1
24,1
25,1
26,1
27,1
33,1
63,1
30,1
31,1
32,1
33,1
145,1
45,1
36,1
37,1
129,1
39,1
24,1
41,1
42,1
43,1
44,1
45,1
46,1
47,1
48,1
49,1
121,1
51,1
4,1
136,1
54,1
55,1
56,1
57,1
58,1
59,1
60,1
7,1
62,1
63,1
30,1
65,1
66,1
67,1
68,1
69,1
70,1
71,1
108,1
73,1
99,1
100,1
101,1
102,1
103,1
104,1
105,1
106,1
107,1
108,1
109,1
55,1
111,1
112,1
113,1
114,1
115,1
116,1
117,1
118,1
119,1
120,1
121,1
151,1
46,1
108,1
126,1
127,1
19,1
50,1
137,1
138,1
111,1
140,1
46,1
142,1
114,1
144,1
16,1
112,1
41,1
136,1
40,1
1,1
2,1
69,1
4,1
1,1
6,1
7,1
25,1
10,1
25,1
11,1
12,1
13,1
14,1
15,1
16,1
17,1
47,1
117,1
20,1
21,1
23,1
32,1
24,1
25,1
26,1
27,1
28,1
63,1
30,1
31,1
32,1
33,1
34,1
35,1
36,1
37,1
40,1
39,1
24,1
40,1
42,1
72,1
44,1
45,1
46,1
47,1
48,1
53,1
121,1
53,1
54,1
53,1
54,1
55,1
56,1
57,1
58,1
60,1
22,1
61,1
36,1
63,1
64,1
70,1
22,1
67,1
68,1
12,1
70,1
29,1
72,1
73,1
99,1
100,1
101,1
102,1
103,1
104,1
105,1
106,1
107,1
108,1
109,1
110,1
111,1
112,1
113,1
114,1
116,1
116,1
19,1
118,1
119,1
120,1
4,1
122,1
122,1
0,1
58,1
127,1
129,1
136,1
137,1
138,1
139,1
113,1
46,1
142,1
114,1
144,1
2,1
149,1
150,1
151,1
0,1
1,1
42,1
3,1
50,1
5,1
6,1
7,1
8,1
28,1
9,1
11,1
11,1
13,1
14,1
144,1
139,1
149,1
102,1
19,1
66,1
61,1
23,1
125,1
25,1
39,1
27,1
28,1
63,1
28,1
31,1
48,1
33,1
63,1
35,1
36,1
144,1
38,1
39,1
5,1
41,1
17,1
5,1
44,1
1,1
66,1
47,1
53,1
4,1
29,1
29,1
54,1
54,1
54,1
55,1
56,1
57,1
58,1
22,1
61,1
61,1
36,1
63,1
5,1
65,1
66,1
67,1
69,1
65,1
47,1
4,1
72,1
73,1
73,1
100,1
101,1
102,1
58,1
104,1
105,1
106,1
107,1
108,1
109,1
55,1
111,1
112,1
120,1
114,1
149,1
42,1
117,1
41,1
119,1
120,1
121,1
54,1
139,1
122,1
69,1
58,1
12,1
126,1
136,1
137,1
137,1
33,1
43,1
6,1
47,1
149,1
144,1
145,1
17,1
57,1
126,1
93,1
75,1
74,1
77,1
78,1
82,1
103,1
87,1
82,1
83,1
85,1
85,1
86,1
74,1
88,1
85,1
98,1
91,1
92,1
95,1
94,1
95,1
96,1
97,1
98,1
130,1
131,1
132,1
133,1
97,1
135,1
130,1
148,1
0,1
44,1
47,1
147,1
66,1
125,1
6,1
7,1
8,1
153,1
9,1
120,1
12,1
13,1
14,1
13,1
16,1
5,1
102,1
19,1
22,1
21,1
61,1
22,1
70,1
25,1
26,1
73,1
25,1
29,1
21,1
31,1
32,1
33,1
150,1
35,1
5,1
15,1
33,1
26,1
108,1
30,1
42,1
16,1
44,1
52,1
46,1
150,1
8,1
49,1
50,1
50,1
49,1
53,1
137,1
143,1
72,1
8,1
58,1
59,1
60,1
59,1
67,1
29,1
125,1
50,1
66,1
67,1
71,1
150,1
150,1
71,1
72,1
73,1
66,1
100,1
101,1
102,1
58,1
104,1
105,1
106,1
107,1
108,1
109,1
143,1
111,1
112,1
120,1
114,1
26,1
116,1
117,1
118,1
119,1
120,1
62,1
6,1
123,1
127,1
0,1
126,1
30,1
124,1
140,1
137,1
137,1
137,1
140,1
140,1
7,1
141,1
143,1
150,1
145,1
26,1
153,1
141,1
99,1
32,1
101,1
102,1
103,1
104,1
105,1
106,1
107,1
108,1
109,1
110,1
111,1
112,1
113,1
114,1
115,1
115,1
117,1
118,1
112,1
120,1
74,1
75,1
85,1
95,1
131,1
148,1
80,1
81,1
82,1
83,1
85,1
84,1
148,1
76,1
88,1
89,1
90,1
93,1
92,1
93,1
94,1
81,1
82,1
97,1
98,1
93,1
91,1
133,1
134,1
135,1
146,1
76,1
0,1
53,1
37,1
50,1
4,1
5,1
6,1
7,1
8,1
9,1
10,1
11,1
12,1
13,1
14,1
15,1
16,1
5,1
18,1
117,1
20,1
21,1
59,1
7,1
24,1
68,1
26,1
27,1
28,1
29,1
30,1
2,1
32,1
47,1
34,1
125,1
36,1
37,1
38,1
39,1
36,1
43,1
42,1
72,1
9,1
45,1
46,1
47,1
48,1
50,1
50,1
50,1
71,1
53,1
49,1
110,1
56,1
57,1
58,1
20,1
60,1
20,1
62,1
65,1
17,1
65,1
59,1
2,1
38,1
70,1
70,1
71,1
72,1
73,1
93,1
75,1
77,1
79,1
80,1
81,1
80,1
83,1
84,1
85,1
86,1
87,1
88,1
89,1
90,1
91,1
92,1
131,1
94,1
95,1
96,1
97,1
98,1
99,1
100,1
101,1
102,1
103,1
104,1
105,1
106,1
107,1
108,1
109,1
55,1
111,1
112,1
113,1
114,1
115,1
116,1
117,1
118,1
119,1
120,1
3,1
122,1
124,1
122,1
125,1
126,1
127,1
129,1
130,1
78,1
132,1
133,1
135,1
135,1
136,1
151,1
138,1
101,1
139,1
141,1
142,1
107,1
144,1
145,1
146,1
148,1
149,1
150,1
151,1
114,1
17,1
1,1
31,1
3,1
4,1
5,1
6,1
7,1
8,1
9,1
10,1
11,1
12,1
13,1
14,1
15,1
16,1
5,1
13,1
19,1
20,1
21,1
22,1
23,1
24,1
25,1
17,1
27,1
8,1
29,1
30,1
31,1
32,1
33,1
34,1
125,1
36,1
15,1
38,1
39,1
41,1
43,1
42,1
5,1
44,1
125,1
46,1
36,1
48,1
49,1
50,1
49,1
51,1
53,1
54,1
55,1
56,1
57,1
103,1
21,1
20,1
121,1
62,1
63,1
64,1
65,1
20,1
2,1
36,1
70,1
42,1
29,1
44,1
73,1
73,1
100,1
101,1
102,1
103,1
114,1
105,1
106,1
107,1
108,1
109,1
110,1
111,1
112,1
113,1
143,1
115,1
115,1
117,1
118,1
119,1
120,1
3,1
122,1
46,1
123,1
36,1
126,1
127,1
29,1
129,1
136,1
151,1
138,1
139,1
139,1
22,1
142,1
73,1
144,1
145,1
149,1
24,1
137,1
90,1
75,1
76,1
77,1
78,1
79,1
80,1
81,1
80,1
83,1
84,1
85,1
76,1
87,1
88,1
89,1
90,1
91,1
92,1
93,1
94,1
95,1
96,1
97,1
98,1
130,1
78,1
132,1
133,1
130,1
135,1
146,1
148,1
64,1
45,1
37,1
20,1
4,1
17,1
6,1
7,1
8,1
28,1
9,1
11,1
12,1
13,1
14,1
15,1
16,1
17,1
18,1
19,1
20,1
21,1
22,1
23,1
24,1
25,1
26,1
27,1
10,1
71,1
30,1
2,1
32,1
18,1
144,1
35,1
24,1
37,1
41,1
26,1
41,1
41,1
42,1
67,1
52,1
68,1
46,1
47,1
25,1
49,1
50,1
52,1
28,1
53,1
54,1
110,1
69,1
57,1
58,1
22,1
60,1
61,1
62,1
63,1
70,1
65,1
66,1
67,1
68,1
69,1
119,1
71,1
72,1
73,1
99,1
100,1
102,1
102,1
103,1
104,1
105,1
106,1
119,1
104,1
109,1
110,1
111,1
112,1
113,1
114,1
19,1
116,1
19,1
118,1
119,1
120,1
121,1
122,1
123,1
124,1
68,1
126,1
127,1
142,1
129,1
136,1
137,1
138,1
139,1
140,1
141,1
142,1
143,1
144,1
144,1
149,1
150,1
151,1
86,1
75,1
76,1
77,1
87,1
79,1
80,1
81,1
82,1
83,1
84,1
84,1
86,1
87,1
88,1
89,1
90,1
91,1
92,1
93,1
94,1
95,1
96,1
97,1
98,1
130,1
78,1
132,1
133,1
134,1
135,1
146,1
148,1
0,1
153,1
116,1
63,1
54,1
21,1
6,1
7,1
8,1
28,1
10,1
11,1
12,1
34,1
14,1
15,1
16,1
5,1
18,1
19,1
20,1
56,1
22,1
23,1
118,1
25,1
39,1
27,1
28,1
29,1
60,1
19,1
32,1
33,1
34,1
145,1
36,1
37,1
26,1
39,1
40,1
41,1
42,1
118,1
44,1
45,1
127,1
125,1
48,1
50,1
50,1
44,1
12,1
52,1
54,1
55,1
21,1
33,1
58,1
59,1
60,1
20,1
63,1
63,1
64,1
121,1
66,1
104,1
70,1
69,1
67,1
29,1
72,1
73,1
105,1
100,1
106,1
102,1
103,1
45,1
99,1
139,1
107,1
108,1
56,1
110,1
111,1
106,1
113,1
110,1
116,1
116,1
117,1
118,1
119,1
120,1
21,1
124,1
123,1
124,1
125,1
126,1
127,1
71,1
129,1
138,1
137,1
72,1
139,1
140,1
141,1
142,1
143,1
144,1
35,1
149,1
33,1
137,1
74,1
75,1
76,1
77,1
78,1
79,1
82,1
81,1
82,1
83,1
84,1
85,1
86,1
131,1
88,1
94,1
90,1
132,1
92,1
93,1
94,1
95,1
96,1
133,1
98,1
77,1
78,1
132,1
133,1
134,1
135,1
146,1
148,1
36,1
1,1
2,1
21,1
4,1
17,1
6,1
7,1
8,1
10,1
10,1
11,1
12,1
13,1
14,1
15,1
16,1
16,1
47,1
117,1
20,1
103,1
22,1
7,1
24,1
25,1
26,1
27,1
10,1
71,1
30,1
31,1
32,1
33,1
34,1
145,1
36,1
37,1
40,1
39,1
31,1
24,1
42,1
24,1
44,1
45,1
46,1
47,1
28,1
4,1
50,1
50,1
4,1
53,1
54,1
55,1
56,1
57,1
109,1
59,1
60,1
3,1
64,1
63,1
64,1
47,1
66,1
67,1
62,1
69,1
67,1
71,1
72,1
73,1
99,1
100,1
101,1
102,1
103,1
104,1
105,1
106,1
107,1
108,1
109,1
110,1
111,1
112,1
113,1
114,1
115,1
115,1
117,1
118,1
119,1
120,1
136,1
124,1
123,1
46,1
125,1
33,1
127,1
51,1
140,1
137,1
150,1
138,1
5,1
140,1
141,1
142,1
143,1
144,1
145,1
149,1
150,1
138,1
74,1
85,1
87,1
77,1
78,1
135,1
82,1
81,1
35,1
83,1
84,1
85,1
87,1
87,1
88,1
89,1
77,1
91,1
92,1
93,1
94,1
95,1
96,1
97,1
98,1
130,1
131,1
132,1
133,1
134,1
135,1
146,1
148,1
125,1
1,1
2,1
3,1
4,1
30,1
141,1
7,1
8,1
9,1
10,1
11,1
12,1
13,1
1,1
15,1
16,1
50,1
125,1
19,1
20,1
21,1
22,1
23,1
45,1
25,1
39,1
27,1
154,1
71,1
30,1
31,1
100,1
33,1
34,1
145,1
36,1
2,1
38,1
39,1
125,1
24,1
42,1
24,1
34,1
45,1
46,1
47,1
28,1
49,1
50,1
51,1
52,1
46,1
54,1
110,1
56,1
33,1
58,1
22,1
20,1
61,1
62,1
29,1
64,1
47,1
66,1
67,1
62,1
69,1
67,1
71,1
72,1
73,1
99,1
100,1
101,1
102,1
103,1
104,1
113,1
106,1
107,1
108,1
109,1
55,1
111,1
112,1
113,1
143,1
115,1
115,1
117,1
118,1
119,1
120,1
29,1
122,1
122,1
127,1
1,1
102,1
127,1
124,1
129,1
137,1
137,1
138,1
17,1
58,1
141,1
142,1
55,1
144,1
145,1
17,1
142,1
151,1
87,1
95,1
76,1
77,1
131,1
135,1
82,1
81,1
81,1
83,1
84,1
75,1
86,1
87,1
88,1
88,1
90,1
91,1
92,1
93,1
94,1
130,1
96,1
97,1
98,1
130,1
74,1
132,1
133,1
134,1
96,1
146,1
87,1
0,1
9,1
47,1
21,1
4,1
5,1
6,1
7,1
8,1
10,1
10,1
11,1
12,1
13,1
14,1
15,1
16,1
8,1
18,1
19,1
20,1
63,1
22,1
23,1
24,1
25,1
26,1
27,1
48,1
29,1
30,1
31,1
32,1
33,1
144,1
12,1
36,1
2,1
41,1
39,1
24,1
24,1
42,1
43,1
44,1
45,1
6,1
47,1
45,1
142,1
4,1
141,1
153,1
152,1
54,1
55,1
56,1
57,1
109,1
59,1
60,1
121,1
62,1
63,1
64,1
62,1
66,1
67,1
68,1
70,1
2,1
62,1
72,1
73,1
107,1
100,1
101,1
102,1
103,1
73,1
105,1
106,1
107,1
108,1
109,1
110,1
111,1
112,1
113,1
143,1
115,1
116,1
117,1
40,1
119,1
120,1
32,1
123,1
124,1
147,1
36,1
126,1
127,1
4,1
129,1
136,1
126,1
138,1
139,1
2,1
141,1
142,1
143,1
144,1
35,1
113,1
150,1
151,1
0,1
44,1
2,1
3,1
4,1
65,1
54,1
7,1
8,1
9,1
10,1
11,1
12,1
13,1
145,1
15,1
16,1
121,1
18,1
19,1
121,1
21,1
22,1
66,1
24,1
72,1
39,1
27,1
28,1
4,1
30,1
24,1
32,1
47,1
13,1
145,1
36,1
2,1
38,1
39,1
24,1
36,1
42,1
36,1
48,1
36,1
46,1
47,1
48,1
29,1
50,1
50,1
29,1
50,1
54,1
55,1
56,1
57,1
58,1
59,1
61,1
61,1
36,1
63,1
64,1
62,1
66,1
67,1
68,1
69,1
70,1
71,1
72,1
117,1
120,1
100,1
101,1
102,1
103,1
104,1
105,1
106,1
107,1
108,1
109,1
110,1
111,1
112,1
113,1
114,1
115,1
116,1
117,1
118,1
119,1
120,1
60,1
122,1
141,1
123,1
36,1
126,1
127,1
138,1
140,1
137,1
137,1
138,1
139,1
140,1
141,1
142,1
143,1
144,1
145,1
149,1
36,1
137,1
131,1
75,1
75,1
77,1
78,1
89,1
96,1
81,1
74,1
83,1
85,1
85,1
86,1
87,1
88,1
89,1
90,1
91,1
92,1
93,1
94,1
95,1
96,1
97,1
98,1
130,1
93,1
93,1
133,1
81,1
135,1
146,1
148,1
76,1
75,1
76,1
77,1
78,1
79,1
80,1
81,1
76,1
83,1
85,1
85,1
74,1
78,1
88,1
88,1
90,1
91,1
92,1
93,1
94,1
95,1
96,1
97,1
98,1
130,1
131,1
132,1
133,1
134,1
135,1
146,1
148,1
35,1
28,1
67,1
3,1
4,1
5,1
6,1
7,1
8,1
9,1
10,1
11,1
12,1
13,1
145,1
144,1
145,1
51,1
18,1
19,1
20,1
29,1
22,1
23,1
62,1
25,1
26,1
27,1
48,1
29,1
30,1
31,1
32,1
33,1
34,1
145,1
36,1
2,1
41,1
116,1
40,1
24,1
42,1
2,1
1,1
9,1
127,1
47,1
27,1
49,1
50,1
49,1
52,1
53,1
54,1
55,1
56,1
57,1
58,1
59,1
60,1
61,1
62,1
62,1
64,1
11,1
150,1
67,1
68,1
69,1
144,1
71,1
72,1
73,1
99,1
100,1
101,1
102,1
103,1
55,1
105,1
106,1
107,1
24,1
109,1
110,1
111,1
112,1
113,1
143,1
26,1
116,1
40,1
43,1
119,1
120,1
50,1
122,1
123,1
123,1
24,1
138,1
127,1
122,1
140,1
136,1
137,1
138,1
139,1
140,1
141,1
142,1
143,1
144,1
145,1
113,1
150,1
151,1
74,1
75,1
76,1
77,1
78,1
74,1
80,1
81,1
82,1
83,1
84,1
82,1
86,1
131,1
88,1
90,1
91,1
92,1
131,1
94,1
95,1
96,1
97,1
87,1
130,1
78,1
132,1
133,1
134,1
135,1
146,1
148,1
24,1
1,1
2,1
69,1
4,1
5,1
141,1
7,1
8,1
9,1
25,1
12,1
12,1
13,1
35,1
15,1
16,1
5,1
18,1
118,1
20,1
21,1
61,1
20,1
24,1
25,1
41,1
27,1
43,1
29,1
5,1
24,1
100,1
125,1
15,1
35,1
125,1
2,1
36,1
38,1
125,1
125,1
42,1
125,1
1,1
45,1
46,1
125,1
150,1
4,1
50,1
44,1
52,1
153,1
49,1
55,1
56,1
36,1
103,1
59,1
20,1
61,1
13,1
139,1
24,1
14,1
66,1
67,1
68,1
69,1
67,1
68,1
72,1
11,1
20,1
137,1
128,1
124,1
34,1
126,1
141,1
142,1
129,1
137,1
137,1
138,1
139,1
140,1
141,1
142,1
139,1
145,1
35,1
140,1
150,1
123,1
0,1
34,1
2,1
21,1
4,1
121,1
6,1
66,1
8,1
9,1
9,1
12,1
12,1
5,1
35,1
15,1
15,1
20,1
24,1
15,1
121,1
21,1
66,1
23,1
24,1
45,1
26,1
27,1
43,1
50,1
30,1
24,1
100,1
18,1
150,1
14,1
36,1
24,1
38,1
39,1
40,1
36,1
42,1
36,1
44,1
125,1
123,1
47,1
48,1
50,1
50,1
44,1
51,1
44,1
54,1
55,1
56,1
57,1
103,1
59,1
60,1
61,1
24,1
62,1
64,1
64,1
66,1
62,1
68,1
69,1
36,1
68,1
72,1
73,1
121,1
137,1
123,1
123,1
125,1
126,1
127,1
136,1
129,1
137,1
137,1
138,1
103,1
113,1
141,1
142,1
143,1
144,1
11,1
140,1
150,1
126,1
99,1
100,1
101,1
118,1
103,1
119,1
105,1
106,1
107,1
108,1
109,1
110,1
55,1
112,1
101,1
143,1
116,1
11,1
55,1
15,1
119,1
120,1
132,1
85,1
86,1
77,1
131,1
79,1
80,1
81,1
96,1
83,1
85,1
75,1
86,1
87,1
88,1
89,1
90,1
91,1
92,1
93,1
94,1
95,1
96,1
97,1
98,1
130,1
131,1
132,1
133,1
93,1
135,1
146,1
86,1
0,1
1,1
34,1
141,1
52,1
46,1
7,1
7,1
25,1
9,1
10,1
11,1
12,1
13,1
14,1
144,1
20,1
5,1
18,1
43,1
20,1
21,1
60,1
23,1
24,1
10,1
41,1
27,1
28,1
29,1
30,1
31,1
32,1
33,1
34,1
35,1
36,1
37,1
30,1
27,1
64,1
38,1
12,1
43,1
44,1
145,1
123,1
47,1
48,1
4,1
49,1
51,1
52,1
123,1
54,1
110,1
56,1
57,1
58,1
59,1
61,1
61,1
64,1
121,1
64,1
65,1
66,1
67,1
27,1
56,1
70,1
71,1
72,1
73,1
5,1
122,1
46,1
123,1
45,1
126,1
127,1
122,1
129,1
136,1
137,1
138,1
139,1
140,1
141,1
142,1
143,1
144,1
145,1
139,1
150,1
54,1
99,1
100,1
101,1
102,1
103,1
112,1
105,1
106,1
107,1
108,1
109,1
110,1
111,1
112,1
113,1
114,1
115,1
116,1
117,1
118,1
112,1
105,1
140,1
75,1
76,1
77,1
76,1
79,1
96,1
88,1
148,1
83,1
84,1
89,1
83,1
86,1
88,1
89,1
90,1
93,1
92,1
132,1
94,1
95,1
96,1
97,1
98,1
130,1
130,1
86,1
76,1
134,1
135,1
146,1
148,1
0,1
1,1
2,1
6,1
52,1
127,1
6,1
7,1
8,1
9,1
127,1
11,1
12,1
13,1
14,1
14,1
6,1
127,1
18,1
43,1
20,1
21,1
22,1
23,1
24,1
127,1
26,1
27,1
8,1
29,1
30,1
31,1
32,1
33,1
34,1
35,1
36,1
2,1
38,1
39,1
40,1
5,1
12,1
43,1
44,1
45,1
6,1
47,1
44,1
49,1
50,1
6,1
6,1
123,1
54,1
110,1
56,1
33,1
58,1
59,1
61,1
61,1
62,1
121,1
64,1
65,1
59,1
67,1
27,1
56,1
70,1
71,1
72,1
73,1
121,1
122,1
123,1
124,1
45,1
126,1
127,1
127,1
129,1
136,1
53,1
138,1
139,1
140,1
141,1
142,1
143,1
144,1
145,1
149,1
150,1
53,1
73,1
5,1
101,1
102,1
103,1
104,1
105,1
106,1
107,1
108,1
109,1
55,1
33,1
112,1
113,1
114,1
115,1
116,1
117,1
118,1
119,1
120,1
76,1
88,1
76,1
77,1
78,1
79,1
96,1
88,1
82,1
83,1
85,1
85,1
82,1
87,1
75,1
133,1
90,1
91,1
92,1
93,1
94,1
95,1
96,1
97,1
98,1
130,1
131,1
132,1
76,1
134,1
135,1
133,1
134,1
4,1
50,1
99,1
36,1
7,1
107,1
69,1
47,1
33,1
46,1
100,1
57,1
44,1
27,1
36,1
100,1
33,1
36,1
118,1
104,1
59,1
103,1
18,1
57,1
64,1
47,1
114,1
14,1
150,1
33,1
23,1
64,1
32,1
18,1
149,1
102,1
33,1
118,1
36,1
26,1
118,1
117,1
57,1
47,1
50,1
36,1
50,1
33,1
33,1
100,1
33,1
18,1
152,1
50,1
50,1
38,1
56,1
33,1
107,1
14,1
58,1
69,1
40,1
33,1
107,1
99,1
33,1
125,1
41,1
41,1
31,1
14,1
57,1
18,1
104,1
33,1
126,1
139,1
100,1
73,1
33,1
124,1
126,1
127,1
102,1
33,1
32,1
50,1
116,1
15,1
71,1
23,1
107,1
36,1
125,1
47,1
114,1
124,1
57,1
4,1
69,1
106,1
137,1
41,1
41,1
143,1
18,1
41,1
41,1
11,1
140,1
102,1
149,1
116,1
21,1
57,1
58,1
32,1
130,1
76,1
130,1
130,1
146,1
85,1
86,1
77,1
133,1
82,1
98,1
95,1
76,1
91,1
88,1
46,1
91,1
93,1
130,1
93,1
78,1
146,1
134,1
77,1
95,1
95,1
93,1
132,1
112,1
75,1
130,1
130,1
88,1
0,1
1,1
2,1
17,1
4,1
3,1
6,1
7,1
8,1
10,1
25,1
11,1
12,1
13,1
14,1
15,1
16,1
30,1
18,1
19,1
20,1
21,1
22,1
23,1
125,1
25,1
26,1
27,1
28,1
4,1
30,1
31,1
32,1
33,1
34,1
35,1
36,1
35,1
36,1
31,1
24,1
24,1
42,1
5,1
1,1
10,1
127,1
125,1
48,1
7,1
46,1
46,1
46,1
1,1
53,1
55,1
56,1
57,1
58,1
59,1
60,1
61,1
63,1
63,1
30,1
63,1
20,1
62,1
41,1
151,1
24,1
3,1
68,1
73,1
50,1
124,1
46,1
99,1
100,1
101,1
109,1
103,1
10,1
125,1
38,1
6,1
8,1
129,1
136,1
138,1
138,1
52,1
140,1
46,1
142,1
106,1
144,1
14,1
149,1
42,1
141,1
12,1
105,1
143,1
107,1
108,1
103,1
60,1
111,1
25,1
25,1
110,1
115,1
48,1
26,1
118,1
25,1
55,1
77,1
75,1
76,1
86,1
87,1
74,1
80,1
95,1
81,1
87,1
85,1
85,1
77,1
87,1
95,1
89,1
90,1
91,1
92,1
95,1
94,1
95,1
96,1
81,1
98,1
130,1
131,1
132,1
133,1
134,1
135,1
146,1
135,1
64,1
1,1
15,1
21,1
54,1
20,1
121,1
7,1
8,1
9,1
25,1
11,1
11,1
13,1
14,1
15,1
17,1
5,1
47,1
64,1
20,1
21,1
20,1
63,1
24,1
44,1
20,1
27,1
44,1
29,1
22,1
31,1
32,1
47,1
34,1
35,1
41,1
2,1
3,1
3,1
37,1
41,1
42,1
20,1
44,1
44,1
122,1
8,1
32,1
49,1
49,1
3,1
51,1
9,1
54,1
73,1
56,1
33,1
109,1
22,1
60,1
60,1
41,1
42,1
118,1
51,1
22,1
67,1
68,1
69,1
24,1
71,1
41,1
107,1
66,1
122,1
124,1
122,1
62,1
126,1
46,1
129,1
136,1
122,1
54,1
139,1
66,1
141,1
60,1
143,1
144,1
14,1
17,1
33,1
7,1
26,1
100,1
109,1
102,1
5,1
73,1
73,1
106,1
107,1
108,1
3,1
55,1
63,1
138,1
113,1
114,1
115,1
116,1
19,1
118,1
119,1
106,1
90,1
88,1
88,1
77,1
80,1
79,1
80,1
88,1
82,1
148,1
88,1
84,1
81,1
77,1
94,1
133,1
91,1
91,1
92,1
80,1
94,1
86,1
79,1
134,1
98,1
130,1
74,1
91,1
75,1
134,1
135,1
146,1
148,1
0,1
1,1
2,1
21,1
4,1
17,1
6,1
7,1
8,1
9,1
129,1
11,1
12,1
13,1
16,1
15,1
16,1
5,1
18,1
19,1
66,1
21,1
22,1
139,1
62,1
25,1
26,1
27,1
28,1
63,1
30,1
2,1
32,1
33,1
125,1
35,1
62,1
70,1
38,1
39,1
24,1
26,1
17,1
108,1
44,1
45,1
127,1
47,1
10,1
54,1
54,1
51,1
52,1
53,1
54,1
55,1
56,1
57,1
58,1
59,1
60,1
61,1
62,1
63,1
64,1
67,1
66,1
37,1
68,1
70,1
70,1
71,1
128,1
43,1
73,1
121,1
122,1
123,1
122,1
62,1
126,1
127,1
26,1
141,1
128,1
138,1
139,1
19,1
141,1
142,1
143,1
144,1
145,1
149,1
40,1
123,1
99,1
100,1
101,1
102,1
103,1
104,1
105,1
106,1
107,1
108,1
109,1
73,1
111,1
112,1
113,1
114,1
116,1
116,1
117,1
118,1
119,1
120,1
74,1
75,1
76,1
77,1
78,1
79,1
148,1
81,1
88,1
83,1
85,1
85,1
86,1
87,1
88,1
89,1
90,1
91,1
92,1
93,1
94,1
95,1
96,1
97,1
76,1
131,1
132,1
133,1
134,1
135,1
146,1
148,1
128,1
86,1
75,1
76,1
86,1
78,1
79,1
80,1
81,1
148,1
83,1
84,1
85,1
86,1
87,1
88,1
134,1
90,1
91,1
92,1
93,1
89,1
79,1
96,1
133,1
98,1
130,1
93,1
132,1
133,1
134,1
135,1
97,1
87,1
0,1
1,1
37,1
63,1
49,1
46,1
7,1
8,1
10,1
12,1
12,1
13,1
145,1
15,1
16,1
149,1
64,1
105,1
152,1
103,1
66,1
23,1
24,1
25,1
115,1
69,1
9,1
29,1
150,1
32,1
18,1
67,1
145,1
36,1
119,1
38,1
39,1
24,1
24,1
42,1
118,1
44,1
45,1
46,1
62,1
9,1
4,1
121,1
50,1
49,1
128,1
54,1
110,1
56,1
57,1
58,1
59,1
23,1
61,1
24,1
63,1
64,1
65,1
66,1
67,1
68,1
56,1
70,1
71,1
56,1
73,1
121,1
6,1
124,1
142,1
24,1
43,1
127,1
72,1
136,1
137,1
137,1
139,1
18,1
141,1
142,1
143,1
144,1
43,1
149,1
24,1
151,1
116,1
100,1
101,1
102,1
103,1
104,1
39,1
105,1
120,1
108,1
72,1
143,1
111,1
112,1
113,1
114,1
104,1
105,1
110,1
102,1
115,1
120,1
86,1
84,1
76,1
77,1
78,1
79,1
80,1
148,1
85,1
83,1
85,1
85,1
74,1
131,1
88,1
89,1
90,1
91,1
92,1
131,1
94,1
84,1
96,1
97,1
98,1
77,1
131,1
132,1
133,1
134,1
135,1
146,1
148,1
0,1
1,1
2,1
21,1
5,1
6,1
7,1
63,1
9,1
10,1
11,1
12,1
13,1
14,1
15,1
16,1
17,1
18,1
19,1
20,1
21,1
22,1
23,1
24,1
25,1
38,1
27,1
28,1
29,1
30,1
2,1
32,1
33,1
34,1
16,1
36,1
37,1
41,1
39,1
31,1
41,1
19,1
43,1
44,1
45,1
122,1
47,1
48,1
4,1
50,1
53,1
53,1
53,1
4,1
55,1
56,1
57,1
58,1
59,1
60,1
66,1
68,1
63,1
70,1
65,1
66,1
67,1
68,1
67,1
71,1
72,1
73,1
121,1
122,1
124,1
122,1
0,1
126,1
127,1
138,1
150,1
140,1
136,1
136,1
138,1
139,1
140,1
141,1
129,1
129,1
142,1
106,1
144,1
145,1
149,1
142,1
53,1
99,1
100,1
101,1
101,1
103,1
104,1
105,1
106,1
107,1
149,1
129,1
108,1
109,1
55,1
111,1
112,1
113,1
114,1
116,1
116,1
117,1
19,1
119,1
120,1
129,1
153,1
74,1
75,1
76,1
80,1
76,1
79,1
80,1
81,1
82,1
95,1
76,1
146,1
90,1
77,1
82,1
133,1
90,1
91,1
92,1
130,1
94,1
95,1
96,1
133,1
98,1
130,1
131,1
132,1
133,1
92,1
135,1
146,1
83,1
0,1
1,1
2,1
3,1
4,1
17,1
122,1
7,1
8,1
9,1
10,1
11,1
6,1
118,1
145,1
34,1
23,1
17,1
18,1
2,1
20,1
3,1
109,1
109,1
24,1
9,1
116,1
8,1
145,1
7,1
108,1
18,1
21,1
33,1
20,1
35,1
36,1
67,1
38,1
39,1
41,1
68,1
42,1
118,1
44,1
45,1
124,1
47,1
8,1
4,1
3,1
52,1
52,1
68,1
66,1
127,1
56,1
57,1
58,1
59,1
12,1
21,1
13,1
145,1
64,1
62,1
66,1
37,1
147,1
69,1
67,1
147,1
109,1
73,1
6,1
128,1
128,1
128,1
24,1
126,1
127,1
100,1
136,1
137,1
138,1
139,1
140,1
141,1
66,1
111,1
144,1
35,1
58,1
24,1
124,1
99,1
123,1
101,1
102,1
58,1
104,1
105,1
106,1
107,1
108,1
22,1
143,1
111,1
112,1
113,1
114,1
129,1
116,1
19,1
118,1
119,1
120,1
0,1
1,1
37,1
3,1
4,1
17,1
6,1
23,1
18,1
9,1
28,1
11,1
12,1
13,1
14,1
13,1
16,1
17,1
18,1
117,1
20,1
21,1
23,1
23,1
24,1
28,1
26,1
27,1
28,1
29,1
23,1
31,1
32,1
33,1
34,1
1,1
36,1
0,1
64,1
39,1
40,1
43,1
42,1
41,1
44,1
1,1
123,1
47,1
48,1
4,1
4,1
51,1
52,1
137,1
54,1
55,1
56,1
57,1
58,1
59,1
60,1
61,1
36,1
63,1
30,1
36,1
66,1
67,1
68,1
71,1
70,1
62,1
72,1
73,1
17,1
122,1
127,1
43,1
69,1
127,1
127,1
140,1
23,1
65,1
108,1
139,1
149,1
7,1
24,1
18,1
8,1
144,1
23,1
69,1
149,1
150,1
122,1
152,1
129,1
154,1
0,1
1,1
2,1
3,1
4,1
17,1
6,1
7,1
8,1
9,1
25,1
11,1
12,1
13,1
14,1
13,1
16,1
17,1
18,1
19,1
20,1
21,1
22,1
23,1
24,1
10,1
26,1
27,1
28,1
29,1
30,1
31,1
32,1
33,1
34,1
14,1
62,1
37,1
38,1
38,1
41,1
41,1
42,1
72,1
44,1
45,1
46,1
47,1
8,1
4,1
4,1
52,1
51,1
51,1
54,1
55,1
56,1
57,1
103,1
59,1
60,1
61,1
36,1
63,1
64,1
5,1
152,1
67,1
68,1
69,1
70,1
71,1
72,1
55,1
3,1
122,1
123,1
123,1
36,1
100,1
127,1
136,1
136,1
137,1
138,1
139,1
140,1
141,1
142,1
114,1
15,1
22,1
147,1
149,1
64,1
53,1
152,1
12,1
35,1
99,1
100,1
101,1
102,1
103,1
104,1
105,1
106,1
107,1
108,1
109,1
110,1
111,1
112,1
113,1
143,1
115,1
26,1
117,1
118,1
119,1
120,1
74,1
85,1
76,1
77,1
78,1
79,1
80,1
88,1
81,1
83,1
84,1
85,1
131,1
87,1
88,1
133,1
90,1
91,1
92,1
93,1
94,1
84,1
96,1
133,1
98,1
130,1
87,1
132,1
133,1
134,1
135,1
77,1
84,1
0,1
1,1
2,1
3,1
4,1
17,1
6,1
7,1
8,1
9,1
10,1
11,1
12,1
13,1
14,1
15,1
16,1
17,1
18,1
19,1
20,1
21,1
22,1
23,1
24,1
25,1
26,1
48,1
28,1
29,1
30,1
31,1
32,1
33,1
34,1
35,1
36,1
2,1
41,1
39,1
40,1
40,1
42,1
43,1
44,1
45,1
147,1
47,1
48,1
4,1
49,1
57,1
57,1
53,1
54,1
55,1
56,1
57,1
58,1
59,1
60,1
61,1
71,1
65,1
64,1
71,1
66,1
67,1
71,1
69,1
70,1
71,1
72,1
73,1
4,1
122,1
124,1
124,1
64,1
126,1
127,1
129,1
136,1
137,1
138,1
139,1
140,1
141,1
142,1
114,1
144,1
145,1
147,1
17,1
150,1
52,1
59,1
153,1
153,1
99,1
100,1
101,1
102,1
103,1
125,1
116,1
106,1
107,1
108,1
109,1
110,1
111,1
101,1
113,1
114,1
117,1
115,1
115,1
118,1
119,1
113,1
74,1
75,1
76,1
95,1
77,1
74,1
80,1
81,1
81,1
83,1
84,1
88,1
86,1
77,1
88,1
89,1
132,1
91,1
92,1
93,1
94,1
95,1
96,1
97,1
98,1
131,1
131,1
132,1
133,1
134,1
25,1
97,1
95,1
