54,1
110,1
56,1
32,1
58,1
59,1
60,1
61,1
62,1
63,1
0,1
65,1
66,1
67,1
68,1
69,1
37,1
71,1
34,1
99,1
99,1
32,1
101,1
18,1
103,1
104,1
105,1
106,1
107,1
108,1
109,1
110,1
111,1
112,1
113,1
114,1
116,1
116,1
38,1
118,1
119,1
120,1
53,1
124,1
36,1
6,1
29,1
19,1
62,1
1,1
37,1
121,1
138,1
99,1
46,1
99,1
47,1
8,1
10,1
11,1
12,1
13,1
14,1
65,1
16,1
35,1
18,1
117,1
22,1
21,1
22,1
103,1
24,1
32,1
117,1
40,1
8,1
29,1
30,1
41,1
57,1
33,1
62,1
16,1
36,1
15,1
36,1
38,1
40,1
68,1
140,1
43,1
44,1
14,1
123,1
47,1
8,1
54,1
3,1
151,1
49,1
103,1
46,1
3,1
30,1
25,1
58,1
59,1
60,1
60,1
65,1
63,1
13,1
63,1
23,1
15,1
65,1
37,1
65,1
65,1
72,1
99,1
26,1
25,1
101,1
102,1
103,1
104,1
105,1
106,1
107,1
108,1
103,1
55,1
30,1
112,1
113,1
114,1
116,1
116,1
116,1
36,1
119,1
120,1
121,1
53,1
124,1
118,1
126,1
127,1
68,1
136,1
137,1
138,1
139,1
140,1
141,1
142,1
143,1
144,1
14,1
100,1
150,1
151,1
116,1
125,1
2,1
3,1
49,1
17,1
6,1
7,1
8,1
10,1
48,1
16,1
12,1
13,1
14,1
16,1
5,1
5,1
18,1
19,1
20,1
21,1
22,1
8,1
62,1
8,1
26,1
37,1
8,1
29,1
64,1
36,1
10,1
110,1
21,1
58,1
41,1
41,1
38,1
31,1
24,1
40,1
42,1
41,1
44,1
27,1
46,1
33,1
10,1
49,1
121,1
49,1
121,1
124,1
54,1
55,1
56,1
57,1
58,1
59,1
60,1
60,1
62,1
65,1
15,1
65,1
66,1
37,1
65,1
42,1
37,1
65,1
24,1
73,1
99,1
32,1
101,1
18,1
103,1
104,1
113,1
106,1
107,1
108,1
16,1
110,1
111,1
112,1
113,1
19,1
115,1
115,1
117,1
41,1
119,1
120,1
122,1
46,1
46,1
36,1
140,1
127,1
113,1
141,1
136,1
138,1
139,1
17,1
141,1
142,1
73,1
16,1
14,1
116,1
43,1
16,1
87,1
75,1
76,1
77,1
78,1
93,1
80,1
81,1
82,1
90,1
84,1
84,1
87,1
97,1
88,1
89,1
90,1
91,1
92,1
93,1
94,1
77,1
96,1
87,1
98,1
130,1
93,1
78,1
133,1
135,1
135,1
130,1
131,1
18,1
45,1
37,1
3,1
49,1
5,1
6,1
7,1
8,1
10,1
10,1
11,1
12,1
13,1
14,1
64,1
16,1
5,1
18,1
19,1
20,1
3,1
22,1
23,1
72,1
25,1
39,1
27,1
48,1
49,1
30,1
31,1
8,1
33,1
31,1
16,1
36,1
37,1
40,1
115,1
31,1
115,1
42,1
31,1
44,1
45,1
46,1
47,1
28,1
4,1
49,1
21,1
3,1
124,1
151,1
55,1
32,1
32,1
58,1
59,1
60,1
61,1
62,1
63,1
64,1
62,1
22,1
70,1
68,1
70,1
70,1
71,1
116,1
55,1
99,1
48,1
101,1
102,1
58,1
104,1
105,1
143,1
107,1
47,1
109,1
55,1
111,1
112,1
113,1
114,1
116,1
149,1
116,1
19,1
119,1
120,1
49,1
128,1
126,1
137,1
36,1
101,1
57,1
140,1
126,1
137,1
7,1
139,1
140,1
141,1
142,1
143,1
13,1
14,1
140,1
18,1
137,1
63,1
1,1
2,1
3,1
49,1
38,1
152,1
7,1
8,1
25,1
10,1
11,1
107,1
13,1
102,1
0,1
16,1
17,1
18,1
19,1
61,1
21,1
22,1
23,1
64,1
125,1
38,1
23,1
28,1
29,1
30,1
18,1
57,1
57,1
36,1
31,1
36,1
43,1
36,1
41,1
68,1
38,1
42,1
38,1
32,1
22,1
53,1
8,1
28,1
49,1
3,1
17,1
129,1
53,1
54,1
99,1
43,1
127,1
106,1
59,1
60,1
61,1
70,1
63,1
27,1
62,1
66,1
62,1
68,1
129,1
30,1
71,1
22,1
73,1
99,1
100,1
101,1
47,1
103,1
43,1
32,1
106,1
107,1
108,1
58,1
58,1
106,1
112,1
113,1
114,1
129,1
116,1
41,1
118,1
119,1
120,1
3,1
150,1
141,1
67,1
127,1
122,1
5,1
87,1
75,1
76,1
77,1
78,1
130,1
80,1
89,1
79,1
83,1
84,1
84,1
87,1
87,1
88,1
89,1
90,1
91,1
92,1
131,1
94,1
93,1
96,1
97,1
98,1
130,1
131,1
132,1
133,1
134,1
135,1
146,1
148,1
1,1
145,1
2,1
66,1
49,1
64,1
6,1
7,1
8,1
9,1
9,1
11,1
11,1
13,1
145,1
13,1
16,1
17,1
62,1
19,1
21,1
21,1
22,1
72,1
125,1
25,1
3,1
27,1
8,1
29,1
30,1
15,1
17,1
33,1
34,1
35,1
64,1
15,1
36,1
31,1
62,1
38,1
65,1
118,1
1,1
150,1
46,1
8,1
8,1
29,1
50,1
3,1
51,1
52,1
54,1
15,1
32,1
103,1
20,1
60,1
60,1
36,1
62,1
64,1
62,1
5,1
64,1
40,1
64,1
36,1
71,1
129,1
73,1
99,1
5,1
101,1
102,1
26,1
104,1
106,1
106,1
107,1
108,1
110,1
106,1
111,1
112,1
113,1
114,1
115,1
115,1
31,1
19,1
119,1
120,1
122,1
124,1
125,1
17,1
124,1
127,1
17,1
16,1
66,1
142,1
111,1
144,1
5,1
149,1
150,1
69,1
64,1
1,1
70,1
3,1
49,1
17,1
6,1
7,1
8,1
10,1
25,1
11,1
12,1
13,1
14,1
18,1
35,1
3,1
64,1
19,1
60,1
21,1
22,1
23,1
0,1
32,1
26,1
27,1
32,1
63,1
30,1
31,1
57,1
33,1
125,1
35,1
36,1
37,1
38,1
39,1
40,1
72,1
42,1
118,1
44,1
45,1
46,1
8,1
99,1
49,1
50,1
51,1
4,1
53,1
54,1
55,1
21,1
57,1
58,1
59,1
60,1
126,1
62,1
63,1
64,1
65,1
66,1
64,1
64,1
69,1
37,1
71,1
108,1
99,1
99,1
100,1
101,1
102,1
58,1
104,1
105,1
106,1
107,1
26,1
109,1
55,1
110,1
112,1
113,1
114,1
99,1
116,1
117,1
118,1
119,1
120,1
136,1
136,1
141,1
108,1
126,1
48,1
19,1
138,1
137,1
138,1
111,1
140,1
141,1
71,1
143,1
144,1
35,1
26,1
150,1
151,1
40,1
1,1
2,1
21,1
4,1
1,1
6,1
7,1
8,1
10,1
10,1
11,1
12,1
13,1
14,1
15,1
101,1
17,1
32,1
118,1
66,1
21,1
140,1
32,1
24,1
10,1
116,1
27,1
8,1
63,1
30,1
31,1
116,1
33,1
1,1
42,1
38,1
117,1
36,1
43,1
116,1
36,1
42,1
72,1
44,1
108,1
6,1
43,1
48,1
151,1
49,1
51,1
54,1
53,1
54,1
47,1
21,1
32,1
58,1
59,1
60,1
61,1
36,1
63,1
64,1
62,1
22,1
63,1
36,1
69,1
70,1
71,1
72,1
55,1
99,1
8,1
101,1
102,1
103,1
104,1
118,1
106,1
107,1
108,1
109,1
110,1
111,1
108,1
72,1
114,1
26,1
116,1
117,1
118,1
119,1
120,1
4,1
124,1
124,1
129,1
126,1
32,1
129,1
136,1
137,1
138,1
101,1
17,1
141,1
142,1
19,1
144,1
2,1
149,1
150,1
151,1
0,1
35,1
116,1
30,1
29,1
5,1
6,1
7,1
8,1
10,1
25,1
11,1
11,1
144,1
14,1
15,1
16,1
16,1
102,1
116,1
66,1
66,1
23,1
125,1
48,1
39,1
27,1
10,1
29,1
10,1
40,1
56,1
33,1
34,1
35,1
36,1
15,1
118,1
19,1
41,1
115,1
17,1
17,1
69,1
1,1
141,1
47,1
105,1
4,1
50,1
71,1
4,1
4,1
54,1
110,1
56,1
32,1
58,1
59,1
60,1
61,1
38,1
63,1
64,1
65,1
66,1
15,1
48,1
69,1
47,1
71,1
72,1
73,1
99,1
100,1
101,1
102,1
109,1
104,1
105,1
106,1
107,1
108,1
109,1
110,1
110,1
112,1
105,1
114,1
149,1
149,1
117,1
19,1
119,1
120,1
50,1
124,1
111,1
137,1
56,1
126,1
127,1
139,1
137,1
103,1
136,1
150,1
43,1
60,1
150,1
99,1
144,1
145,1
17,1
19,1
62,1
78,1
75,1
76,1
130,1
78,1
79,1
102,1
77,1
98,1
83,1
84,1
84,1
87,1
93,1
88,1
89,1
98,1
91,1
134,1
95,1
89,1
95,1
83,1
135,1
98,1
130,1
131,1
132,1
130,1
134,1
135,1
130,1
87,1
63,1
44,1
2,1
6,1
4,1
41,1
6,1
7,1
102,1
66,1
9,1
31,1
12,1
13,1
14,1
15,1
16,1
5,1
13,1
19,1
32,1
56,1
7,1
152,1
100,1
45,1
26,1
55,1
48,1
29,1
30,1
31,1
32,1
33,1
34,1
35,1
5,1
15,1
33,1
26,1
5,1
17,1
42,1
16,1
44,1
144,1
46,1
18,1
150,1
52,1
50,1
50,1
49,1
53,1
124,1
143,1
56,1
8,1
58,1
59,1
127,1
63,1
63,1
29,1
64,1
65,1
66,1
67,1
71,1
71,1
63,1
71,1
60,1
73,1
123,1
100,1
101,1
102,1
103,1
104,1
105,1
106,1
107,1
108,1
109,1
143,1
110,1
112,1
120,1
114,1
116,1
117,1
43,1
19,1
119,1
120,1
65,1
123,1
123,1
127,1
0,1
126,1
17,1
128,1
139,1
137,1
137,1
137,1
126,1
140,1
141,1
137,1
143,1
18,1
14,1
26,1
105,1
151,1
99,1
57,1
106,1
102,1
103,1
104,1
105,1
106,1
107,1
108,1
109,1
110,1
111,1
112,1
113,1
114,1
116,1
116,1
117,1
118,1
119,1
120,1
74,1
75,1
76,1
95,1
131,1
79,1
82,1
130,1
148,1
83,1
84,1
85,1
87,1
131,1
88,1
89,1
90,1
91,1
92,1
134,1
94,1
95,1
96,1
97,1
98,1
93,1
95,1
97,1
134,1
135,1
146,1
135,1
0,1
1,1
37,1
3,1
4,1
5,1
6,1
7,1
8,1
1,1
10,1
11,1
12,1
63,1
14,1
15,1
16,1
17,1
18,1
113,1
20,1
21,1
152,1
23,1
36,1
36,1
26,1
27,1
28,1
29,1
30,1
39,1
32,1
33,1
34,1
125,1
115,1
37,1
118,1
39,1
118,1
118,1
42,1
118,1
9,1
43,1
46,1
47,1
48,1
4,1
121,1
121,1
71,1
53,1
151,1
110,1
56,1
32,1
58,1
61,1
60,1
66,1
65,1
65,1
5,1
65,1
20,1
24,1
36,1
70,1
69,1
71,1
72,1
73,1
87,1
75,1
77,1
79,1
80,1
81,1
82,1
83,1
84,1
85,1
86,1
87,1
88,1
89,1
90,1
91,1
92,1
93,1
94,1
95,1
96,1
97,1
77,1
99,1
32,1
101,1
102,1
103,1
104,1
19,1
114,1
107,1
43,1
109,1
116,1
111,1
112,1
113,1
114,1
115,1
117,1
117,1
43,1
119,1
120,1
68,1
46,1
124,1
122,1
125,1
126,1
127,1
73,1
131,1
78,1
78,1
133,1
134,1
135,1
136,1
137,1
138,1
111,1
140,1
127,1
150,1
107,1
144,1
145,1
146,1
148,1
139,1
150,1
151,1
143,1
0,1
1,1
31,1
3,1
4,1
5,1
6,1
7,1
8,1
9,1
10,1
11,1
12,1
13,1
14,1
15,1
16,1
17,1
18,1
19,1
20,1
21,1
22,1
23,1
38,1
25,1
17,1
27,1
8,1
29,1
30,1
31,1
32,1
33,1
34,1
35,1
64,1
15,1
38,1
44,1
41,1
41,1
42,1
38,1
44,1
45,1
46,1
36,1
48,1
49,1
50,1
49,1
51,1
53,1
54,1
55,1
56,1
57,1
58,1
22,1
60,1
66,1
13,1
63,1
64,1
35,1
66,1
37,1
36,1
70,1
37,1
69,1
1,1
73,1
99,1
100,1
101,1
15,1
58,1
104,1
105,1
106,1
107,1
108,1
109,1
110,1
111,1
112,1
113,1
114,1
116,1
115,1
117,1
118,1
119,1
120,1
3,1
123,1
123,1
123,1
125,1
126,1
127,1
71,1
149,1
136,1
71,1
138,1
139,1
149,1
66,1
142,1
139,1
144,1
16,1
149,1
24,1
151,1
76,1
75,1
76,1
77,1
78,1
79,1
80,1
76,1
80,1
83,1
84,1
84,1
76,1
87,1
88,1
89,1
90,1
91,1
92,1
93,1
94,1
30,1
83,1
97,1
83,1
130,1
87,1
132,1
133,1
134,1
135,1
146,1
148,1
64,1
1,1
67,1
141,1
4,1
17,1
6,1
7,1
8,1
28,1
69,1
11,1
12,1
13,1
145,1
55,1
16,1
17,1
18,1
19,1
20,1
21,1
22,1
23,1
24,1
38,1
99,1
72,1
1,1
71,1
30,1
39,1
32,1
33,1
44,1
35,1
36,1
70,1
115,1
39,1
116,1
115,1
42,1
10,1
44,1
45,1
46,1
47,1
25,1
49,1
50,1
54,1
28,1
53,1
54,1
110,1
69,1
57,1
58,1
59,1
61,1
61,1
68,1
63,1
64,1
65,1
66,1
43,1
68,1
69,1
70,1
71,1
69,1
106,1
105,1
100,1
101,1
102,1
103,1
104,1
99,1
106,1
112,1
27,1
109,1
55,1
110,1
108,1
19,1
114,1
117,1
116,1
41,1
19,1
119,1
120,1
121,1
123,1
122,1
124,1
24,1
126,1
127,1
141,1
129,1
136,1
137,1
138,1
139,1
61,1
141,1
142,1
143,1
144,1
144,1
140,1
150,1
142,1
86,1
75,1
76,1
77,1
78,1
79,1
80,1
77,1
82,1
77,1
84,1
85,1
86,1
131,1
88,1
89,1
90,1
91,1
92,1
93,1
94,1
95,1
83,1
97,1
98,1
130,1
78,1
132,1
133,1
95,1
135,1
146,1
86,1
0,1
1,1
16,1
63,1
54,1
17,1
6,1
7,1
8,1
28,1
25,1
11,1
12,1
13,1
145,1
13,1
16,1
17,1
18,1
19,1
20,1
21,1
22,1
23,1
19,1
127,1
116,1
25,1
48,1
71,1
36,1
31,1
32,1
33,1
125,1
144,1
40,1
106,1
26,1
38,1
40,1
38,1
102,1
72,1
125,1
45,1
122,1
115,1
48,1
65,1
121,1
42,1
144,1
49,1
7,1
33,1
56,1
33,1
58,1
59,1
22,1
20,1
63,1
63,1
64,1
121,1
66,1
55,1
70,1
69,1
67,1
71,1
19,1
139,1
110,1
57,1
101,1
102,1
103,1
55,1
99,1
143,1
107,1
108,1
42,1
55,1
55,1
101,1
19,1
114,1
115,1
117,1
117,1
19,1
119,1
120,1
121,1
123,1
123,1
124,1
5,1
137,1
127,1
128,1
129,1
138,1
137,1
138,1
139,1
140,1
141,1
141,1
143,1
144,1
35,1
140,1
18,1
151,1
74,1
75,1
76,1
77,1
78,1
79,1
82,1
134,1
76,1
83,1
84,1
84,1
86,1
131,1
89,1
89,1
90,1
91,1
92,1
93,1
94,1
95,1
96,1
97,1
98,1
77,1
78,1
132,1
133,1
134,1
135,1
146,1
148,1
36,1
1,1
69,1
36,1
4,1
5,1
6,1
7,1
8,1
10,1
25,1
11,1
12,1
13,1
14,1
15,1
16,1
5,1
25,1
116,1
20,1
21,1
22,1
23,1
10,1
10,1
26,1
64,1
10,1
29,1
30,1
31,1
32,1
10,1
34,1
35,1
36,1
37,1
40,1
117,1
31,1
40,1
42,1
39,1
44,1
45,1
46,1
47,1
48,1
4,1
50,1
50,1
4,1
51,1
54,1
111,1
60,1
45,1
58,1
59,1
60,1
60,1
62,1
63,1
5,1
47,1
66,1
67,1
68,1
69,1
70,1
71,1
72,1
73,1
116,1
33,1
101,1
102,1
103,1
104,1
105,1
106,1
107,1
43,1
109,1
110,1
111,1
112,1
113,1
114,1
115,1
26,1
38,1
118,1
119,1
120,1
5,1
141,1
124,1
124,1
26,1
18,1
127,1
151,1
19,1
137,1
150,1
138,1
17,1
17,1
141,1
142,1
143,1
144,1
145,1
149,1
150,1
138,1
131,1
75,1
78,1
130,1
78,1
79,1
82,1
77,1
86,1
83,1
84,1
86,1
87,1
87,1
88,1
89,1
77,1
91,1
92,1
93,1
97,1
95,1
96,1
97,1
98,1
74,1
93,1
132,1
133,1
97,1
135,1
146,1
148,1
125,1
9,1
2,1
3,1
49,1
30,1
32,1
6,1
8,1
28,1
10,1
11,1
12,1
13,1
1,1
15,1
35,1
49,1
8,1
19,1
20,1
56,1
22,1
23,1
62,1
25,1
26,1
126,1
100,1
71,1
30,1
31,1
25,1
33,1
34,1
35,1
36,1
70,1
38,1
38,1
24,1
26,1
42,1
118,1
44,1
25,1
141,1
47,1
48,1
49,1
50,1
51,1
4,1
141,1
54,1
110,1
47,1
33,1
58,1
59,1
20,1
61,1
62,1
63,1
64,1
28,1
66,1
62,1
68,1
69,1
67,1
71,1
72,1
73,1
99,1
25,1
101,1
102,1
103,1
104,1
105,1
106,1
107,1
108,1
58,1
110,1
111,1
112,1
113,1
114,1
115,1
116,1
117,1
118,1
119,1
120,1
3,1
46,1
123,1
122,1
1,1
126,1
127,1
29,1
140,1
126,1
137,1
103,1
5,1
126,1
66,1
142,1
143,1
144,1
35,1
17,1
142,1
151,1
87,1
130,1
131,1
77,1
87,1
135,1
131,1
32,1
82,1
83,1
84,1
130,1
86,1
131,1
97,1
97,1
90,1
91,1
92,1
93,1
97,1
95,1
131,1
97,1
98,1
87,1
93,1
132,1
133,1
134,1
135,1
146,1
131,1
0,1
28,1
47,1
116,1
4,1
17,1
6,1
7,1
8,1
10,1
10,1
11,1
12,1
13,1
63,1
15,1
16,1
28,1
55,1
19,1
20,1
21,1
22,1
23,1
36,1
10,1
116,1
61,1
48,1
29,1
30,1
31,1
103,1
33,1
33,1
35,1
36,1
2,1
40,1
39,1
41,1
40,1
42,1
24,1
44,1
45,1
46,1
47,1
45,1
142,1
50,1
122,1
154,1
147,1
4,1
55,1
56,1
57,1
109,1
59,1
60,1
66,1
45,1
63,1
0,1
17,1
66,1
67,1
32,1
69,1
65,1
65,1
118,1
111,1
107,1
32,1
101,1
47,1
103,1
73,1
105,1
143,1
107,1
108,1
109,1
55,1
111,1
112,1
113,1
143,1
115,1
149,1
116,1
118,1
119,1
120,1
5,1
124,1
124,1
147,1
125,1
102,1
127,1
124,1
129,1
136,1
137,1
138,1
139,1
140,1
141,1
142,1
143,1
144,1
35,1
149,1
150,1
151,1
0,1
0,1
2,1
21,1
6,1
5,1
6,1
4,1
8,1
127,1
25,1
11,1
12,1
13,1
34,1
15,1
16,1
121,1
18,1
19,1
20,1
21,1
127,1
23,1
125,1
27,1
39,1
34,1
28,1
29,1
30,1
24,1
25,1
25,1
13,1
14,1
32,1
37,1
43,1
37,1
24,1
40,1
42,1
40,1
48,1
45,1
46,1
18,1
48,1
49,1
50,1
50,1
50,1
51,1
52,1
55,1
56,1
57,1
58,1
59,1
22,1
61,1
34,1
63,1
64,1
65,1
66,1
67,1
68,1
69,1
70,1
71,1
72,1
73,1
73,1
57,1
101,1
102,1
47,1
104,1
105,1
106,1
107,1
108,1
109,1
33,1
99,1
112,1
113,1
114,1
115,1
116,1
117,1
118,1
119,1
120,1
141,1
122,1
122,1
46,1
18,1
126,1
127,1
138,1
126,1
136,1
137,1
112,1
139,1
140,1
141,1
142,1
143,1
144,1
145,1
149,1
27,1
122,1
76,1
75,1
75,1
77,1
78,1
79,1
96,1
81,1
74,1
83,1
84,1
84,1
86,1
87,1
85,1
89,1
90,1
91,1
92,1
131,1
94,1
95,1
96,1
97,1
98,1
130,1
131,1
132,1
133,1
134,1
135,1
146,1
148,1
86,1
75,1
76,1
131,1
78,1
79,1
80,1
81,1
80,1
83,1
84,1
93,1
79,1
78,1
88,1
97,1
90,1
91,1
92,1
93,1
94,1
95,1
80,1
97,1
98,1
131,1
93,1
132,1
94,1
134,1
135,1
146,1
148,1
0,1
57,1
2,1
3,1
4,1
17,1
6,1
7,1
8,1
9,1
10,1
11,1
12,1
34,1
14,1
13,1
16,1
35,1
18,1
19,1
17,1
21,1
22,1
23,1
24,1
10,1
26,1
10,1
28,1
29,1
30,1
31,1
32,1
33,1
45,1
35,1
36,1
37,1
149,1
117,1
36,1
68,1
42,1
43,1
44,1
25,1
6,1
47,1
48,1
52,1
50,1
4,1
52,1
53,1
151,1
55,1
63,1
57,1
58,1
59,1
60,1
61,1
64,1
64,1
64,1
140,1
142,1
67,1
72,1
65,1
47,1
71,1
72,1
73,1
99,1
32,1
101,1
102,1
103,1
104,1
105,1
106,1
107,1
64,1
109,1
110,1
111,1
112,1
113,1
114,1
115,1
116,1
40,1
31,1
119,1
120,1
50,1
124,1
123,1
124,1
39,1
138,1
127,1
123,1
140,1
136,1
137,1
136,1
139,1
129,1
141,1
142,1
143,1
144,1
145,1
140,1
30,1
136,1
74,1
75,1
76,1
77,1
78,1
148,1
96,1
81,1
82,1
83,1
131,1
82,1
86,1
87,1
88,1
90,1
91,1
92,1
93,1
94,1
95,1
96,1
97,1
87,1
130,1
131,1
132,1
133,1
134,1
135,1
146,1
148,1
125,1
47,1
2,1
3,1
4,1
5,1
6,1
7,1
8,1
45,1
10,1
11,1
12,1
13,1
35,1
34,1
16,1
5,1
18,1
19,1
60,1
56,1
66,1
22,1
24,1
127,1
26,1
3,1
28,1
29,1
3,1
40,1
38,1
33,1
34,1
35,1
34,1
67,1
125,1
153,1
8,1
14,1
42,1
47,1
1,1
1,1
46,1
28,1
8,1
49,1
49,1
61,1
52,1
24,1
54,1
150,1
56,1
125,1
103,1
59,1
32,1
61,1
13,1
65,1
18,1
14,1
66,1
31,1
68,1
69,1
43,1
68,1
46,1
73,1
121,1
137,1
136,1
124,1
34,1
126,1
127,1
122,1
129,1
126,1
137,1
137,1
73,1
140,1
125,1
141,1
143,1
1,1
145,1
143,1
150,1
151,1
150,1
125,1
2,1
3,1
4,1
60,1
6,1
66,1
8,1
127,1
1,1
11,1
52,1
58,1
14,1
15,1
15,1
66,1
36,1
118,1
20,1
57,1
22,1
23,1
24,1
45,1
153,1
38,1
43,1
50,1
64,1
40,1
32,1
18,1
125,1
14,1
36,1
67,1
40,1
39,1
118,1
36,1
42,1
40,1
1,1
24,1
124,1
47,1
48,1
50,1
50,1
35,1
17,1
9,1
54,1
55,1
56,1
57,1
103,1
59,1
60,1
61,1
68,1
62,1
64,1
31,1
66,1
67,1
72,1
69,1
36,1
71,1
72,1
73,1
3,1
137,1
123,1
124,1
24,1
126,1
127,1
71,1
129,1
137,1
137,1
138,1
103,1
140,1
141,1
142,1
143,1
144,1
16,1
149,1
142,1
138,1
149,1
100,1
101,1
118,1
103,1
26,1
105,1
101,1
107,1
108,1
109,1
38,1
26,1
112,1
101,1
73,1
40,1
11,1
55,1
118,1
119,1
101,1
86,1
75,1
86,1
95,1
131,1
79,1
80,1
81,1
82,1
83,1
84,1
85,1
86,1
83,1
88,1
89,1
90,1
91,1
92,1
93,1
94,1
95,1
80,1
97,1
98,1
130,1
131,1
132,1
133,1
131,1
135,1
146,1
148,1
0,1
1,1
125,1
141,1
49,1
5,1
7,1
66,1
8,1
1,1
142,1
11,1
12,1
13,1
14,1
13,1
16,1
5,1
18,1
19,1
66,1
21,1
23,1
23,1
24,1
38,1
26,1
45,1
28,1
29,1
30,1
40,1
32,1
33,1
24,1
35,1
36,1
37,1
32,1
39,1
36,1
64,1
42,1
43,1
27,1
35,1
124,1
34,1
48,1
4,1
49,1
121,1
52,1
53,1
54,1
55,1
56,1
57,1
58,1
59,1
60,1
61,1
64,1
63,1
64,1
63,1
66,1
67,1
68,1
69,1
70,1
71,1
72,1
73,1
5,1
123,1
123,1
53,1
125,1
126,1
127,1
124,1
149,1
136,1
137,1
138,1
139,1
140,1
141,1
142,1
143,1
144,1
145,1
149,1
150,1
151,1
99,1
100,1
101,1
102,1
103,1
104,1
105,1
106,1
107,1
108,1
109,1
110,1
111,1
112,1
105,1
114,1
115,1
115,1
117,1
118,1
104,1
105,1
76,1
75,1
76,1
77,1
78,1
135,1
82,1
75,1
82,1
83,1
84,1
94,1
148,1
87,1
85,1
94,1
90,1
91,1
92,1
132,1
94,1
130,1
96,1
97,1
98,1
130,1
131,1
90,1
76,1
134,1
135,1
146,1
148,1
0,1
1,1
2,1
6,1
6,1
5,1
6,1
66,1
8,1
9,1
127,1
11,1
12,1
13,1
14,1
13,1
14,1
5,1
18,1
19,1
20,1
21,1
22,1
22,1
125,1
25,1
26,1
44,1
28,1
29,1
30,1
31,1
32,1
33,1
34,1
5,1
125,1
37,1
13,1
39,1
36,1
5,1
42,1
43,1
44,1
13,1
4,1
18,1
44,1
49,1
50,1
49,1
49,1
53,1
54,1
55,1
56,1
33,1
58,1
59,1
61,1
61,1
62,1
63,1
64,1
65,1
22,1
67,1
68,1
69,1
70,1
71,1
72,1
73,1
121,1
151,1
124,1
124,1
1,1
126,1
127,1
52,1
129,1
136,1
126,1
105,1
139,1
140,1
141,1
142,1
143,1
144,1
145,1
149,1
150,1
122,1
99,1
5,1
101,1
102,1
103,1
108,1
105,1
106,1
107,1
108,1
109,1
110,1
111,1
104,1
105,1
19,1
149,1
149,1
117,1
118,1
119,1
120,1
74,1
75,1
76,1
77,1
130,1
11,1
82,1
88,1
82,1
83,1
85,1
85,1
82,1
87,1
88,1
133,1
90,1
91,1
92,1
93,1
94,1
78,1
82,1
97,1
98,1
130,1
93,1
90,1
133,1
134,1
135,1
89,1
82,1
64,1
64,1
99,1
45,1
69,1
58,1
69,1
59,1
144,1
23,1
103,1
18,1
139,1
33,1
36,1
99,1
33,1
118,1
118,1
102,1
36,1
64,1
144,1
64,1
63,1
18,1
113,1
18,1
18,1
33,1
58,1
64,1
127,1
18,1
147,1
109,1
36,1
64,1
118,1
115,1
31,1
117,1
102,1
67,1
20,1
36,1
50,1
102,1
18,1
69,1
124,1
18,1
72,1
123,1
60,1
30,1
99,1
47,1
115,1
102,1
59,1
103,1
18,1
13,1
109,1
104,1
36,1
36,1
150,1
115,1
31,1
65,1
18,1
31,1
104,1
18,1
123,1
103,1
99,1
104,1
47,1
69,1
126,1
48,1
68,1
18,1
22,1
54,1
115,1
14,1
142,1
63,1
67,1
118,1
64,1
18,1
110,1
69,1
33,1
151,1
64,1
119,1
138,1
59,1
115,1
99,1
118,1
113,1
115,1
99,1
115,1
138,1
31,1
65,1
64,1
18,1
67,1
68,1
93,1
94,1
131,1
146,1
95,1
146,1
98,1
77,1
132,1
83,1
132,1
95,1
94,1
91,1
94,1
143,1
93,1
87,1
146,1
131,1
135,1
85,1
85,1
97,1
148,1
95,1
132,1
95,1
123,1
148,1
131,1
89,1
94,1
0,1
1,1
150,1
3,1
4,1
116,1
6,1
7,1
8,1
10,1
10,1
11,1
11,1
13,1
14,1
15,1
16,1
30,1
18,1
19,1
20,1
21,1
22,1
23,1
30,1
32,1
26,1
26,1
48,1
71,1
30,1
31,1
32,1
18,1
62,1
35,1
36,1
43,1
36,1
31,1
36,1
125,1
113,1
36,1
44,1
68,1
127,1
47,1
25,1
54,1
124,1
127,1
124,1
53,1
136,1
55,1
30,1
57,1
58,1
59,1
60,1
61,1
103,1
63,1
64,1
13,1
22,1
62,1
36,1
69,1
36,1
21,1
68,1
110,1
17,1
124,1
124,1
99,1
32,1
101,1
109,1
103,1
56,1
1,1
125,1
6,1
32,1
19,1
100,1
138,1
138,1
149,1
140,1
127,1
142,1
106,1
144,1
14,1
149,1
150,1
3,1
73,1
105,1
101,1
107,1
108,1
58,1
64,1
111,1
99,1
33,1
111,1
116,1
25,1
117,1
64,1
68,1
55,1
149,1
75,1
86,1
77,1
78,1
82,1
80,1
80,1
83,1
83,1
95,1
85,1
86,1
95,1
95,1
89,1
90,1
91,1
92,1
93,1
97,1
95,1
96,1
97,1
80,1
130,1
131,1
132,1
133,1
134,1
135,1
146,1
80,1
64,1
1,1
5,1
44,1
4,1
22,1
53,1
7,1
32,1
10,1
10,1
11,1
42,1
15,1
14,1
43,1
5,1
5,1
18,1
31,1
20,1
21,1
22,1
29,1
36,1
25,1
41,1
45,1
32,1
29,1
20,1
41,1
100,1
33,1
34,1
35,1
36,1
64,1
45,1
27,1
1,1
43,1
42,1
22,1
44,1
45,1
124,1
63,1
25,1
54,1
49,1
3,1
121,1
124,1
53,1
47,1
56,1
32,1
58,1
30,1
20,1
60,1
62,1
63,1
5,1
51,1
22,1
67,1
68,1
69,1
32,1
65,1
115,1
106,1
66,1
124,1
53,1
124,1
62,1
137,1
127,1
129,1
136,1
124,1
141,1
139,1
66,1
141,1
122,1
143,1
144,1
14,1
17,1
57,1
7,1
99,1
29,1
102,1
102,1
103,1
104,1
105,1
106,1
107,1
108,1
61,1
110,1
57,1
112,1
113,1
114,1
116,1
116,1
117,1
118,1
104,1
120,1
94,1
85,1
77,1
77,1
78,1
134,1
82,1
77,1
76,1
83,1
84,1
84,1
80,1
83,1
94,1
94,1
90,1
91,1
92,1
93,1
94,1
78,1
96,1
134,1
98,1
130,1
74,1
31,1
134,1
134,1
135,1
146,1
79,1
0,1
1,1
37,1
21,1
4,1
5,1
6,1
7,1
8,1
9,1
14,1
11,1
11,1
13,1
0,1
15,1
16,1
5,1
18,1
19,1
20,1
21,1
22,1
23,1
62,1
25,1
26,1
27,1
28,1
63,1
30,1
31,1
32,1
33,1
44,1
35,1
62,1
37,1
26,1
39,1
68,1
115,1
17,1
108,1
60,1
24,1
46,1
47,1
57,1
51,1
149,1
51,1
52,1
53,1
54,1
55,1
56,1
57,1
58,1
59,1
60,1
61,1
62,1
63,1
0,1
63,1
66,1
2,1
62,1
68,1
70,1
71,1
142,1
72,1
129,1
121,1
124,1
124,1
124,1
68,1
126,1
123,1
26,1
141,1
151,1
72,1
139,1
118,1
141,1
142,1
143,1
144,1
145,1
149,1
41,1
151,1
99,1
100,1
101,1
102,1
103,1
43,1
105,1
106,1
107,1
108,1
109,1
106,1
111,1
112,1
113,1
114,1
116,1
116,1
39,1
40,1
119,1
120,1
74,1
75,1
76,1
74,1
78,1
79,1
80,1
81,1
148,1
83,1
84,1
85,1
86,1
87,1
88,1
89,1
90,1
91,1
92,1
93,1
94,1
78,1
96,1
97,1
130,1
131,1
132,1
133,1
134,1
135,1
146,1
148,1
128,1
86,1
75,1
76,1
76,1
87,1
79,1
80,1
77,1
82,1
83,1
84,1
84,1
90,1
87,1
88,1
89,1
90,1
91,1
92,1
93,1
89,1
74,1
96,1
94,1
98,1
79,1
93,1
132,1
133,1
134,1
135,1
89,1
87,1
0,1
63,1
2,1
66,1
49,1
46,1
7,1
8,1
45,1
11,1
12,1
13,1
14,1
15,1
16,1
149,1
24,1
111,1
140,1
43,1
22,1
23,1
18,1
10,1
116,1
69,1
69,1
63,1
36,1
57,1
18,1
24,1
145,1
36,1
37,1
38,1
99,1
38,1
33,1
42,1
47,1
44,1
45,1
46,1
36,1
10,1
4,1
50,1
142,1
66,1
142,1
52,1
105,1
56,1
56,1
58,1
59,1
23,1
20,1
18,1
69,1
64,1
65,1
66,1
67,1
69,1
9,1
69,1
69,1
8,1
149,1
66,1
46,1
123,1
46,1
24,1
154,1
127,1
100,1
136,1
137,1
138,1
139,1
129,1
141,1
142,1
143,1
144,1
43,1
140,1
24,1
7,1
56,1
141,1
101,1
102,1
103,1
104,1
118,1
106,1
101,1
108,1
109,1
150,1
33,1
112,1
106,1
114,1
104,1
37,1
55,1
102,1
118,1
113,1
86,1
75,1
87,1
77,1
87,1
79,1
80,1
86,1
84,1
83,1
84,1
88,1
87,1
87,1
88,1
89,1
90,1
91,1
92,1
93,1
94,1
84,1
96,1
97,1
98,1
130,1
131,1
132,1
133,1
134,1
135,1
146,1
87,1
0,1
1,1
2,1
3,1
5,1
6,1
7,1
8,1
10,1
10,1
11,1
140,1
144,1
14,1
15,1
16,1
17,1
18,1
19,1
20,1
21,1
22,1
23,1
0,1
25,1
39,1
27,1
28,1
29,1
30,1
31,1
8,1
33,1
34,1
35,1
24,1
39,1
62,1
117,1
31,1
40,1
42,1
72,1
44,1
45,1
53,1
47,1
12,1
52,1
51,1
53,1
51,1
53,1
54,1
55,1
10,1
56,1
58,1
59,1
60,1
61,1
62,1
63,1
0,1
65,1
66,1
68,1
68,1
70,1
71,1
118,1
110,1
3,1
122,1
124,1
124,1
125,1
126,1
127,1
136,1
150,1
17,1
142,1
151,1
138,1
139,1
140,1
141,1
149,1
69,1
142,1
143,1
144,1
145,1
149,1
150,1
122,1
32,1
100,1
101,1
101,1
58,1
104,1
105,1
106,1
107,1
149,1
129,1
2,1
109,1
55,1
110,1
112,1
37,1
106,1
116,1
116,1
117,1
19,1
119,1
120,1
149,1
149,1
74,1
75,1
76,1
76,1
130,1
79,1
80,1
85,1
82,1
86,1
85,1
75,1
86,1
90,1
82,1
75,1
90,1
91,1
92,1
130,1
94,1
95,1
96,1
133,1
86,1
130,1
85,1
132,1
97,1
92,1
83,1
75,1
83,1
0,1
1,1
2,1
3,1
4,1
17,1
6,1
7,1
8,1
9,1
25,1
11,1
49,1
36,1
13,1
15,1
7,1
139,1
18,1
2,1
63,1
21,1
107,1
107,1
24,1
25,1
26,1
1,1
10,1
63,1
108,1
150,1
48,1
33,1
62,1
35,1
68,1
24,1
68,1
26,1
26,1
24,1
140,1
43,1
44,1
3,1
122,1
47,1
8,1
4,1
61,1
52,1
52,1
5,1
4,1
73,1
56,1
57,1
58,1
22,1
22,1
20,1
51,1
63,1
64,1
62,1
66,1
65,1
127,1
52,1
69,1
68,1
53,1
73,1
127,1
7,1
66,1
128,1
62,1
126,1
127,1
129,1
137,1
137,1
138,1
139,1
140,1
141,1
142,1
99,1
144,1
35,1
101,1
24,1
123,1
99,1
127,1
101,1
102,1
103,1
104,1
105,1
106,1
107,1
22,1
141,1
55,1
111,1
22,1
140,1
143,1
115,1
5,1
24,1
118,1
119,1
120,1
0,1
1,1
37,1
3,1
4,1
17,1
6,1
7,1
8,1
10,1
28,1
11,1
12,1
13,1
14,1
7,1
16,1
17,1
18,1
118,1
20,1
21,1
20,1
23,1
108,1
28,1
26,1
39,1
28,1
29,1
21,1
64,1
32,1
67,1
34,1
35,1
62,1
37,1
2,1
26,1
118,1
36,1
42,1
118,1
44,1
33,1
46,1
33,1
48,1
4,1
4,1
32,1
52,1
56,1
49,1
55,1
69,1
33,1
58,1
59,1
60,1
152,1
36,1
63,1
3,1
36,1
17,1
62,1
36,1
69,1
70,1
62,1
72,1
73,1
3,1
122,1
122,1
118,1
112,1
127,1
127,1
112,1
69,1
149,1
108,1
139,1
112,1
60,1
151,1
18,1
111,1
144,1
72,1
64,1
113,1
150,1
151,1
152,1
136,1
57,1
0,1
1,1
2,1
3,1
4,1
5,1
6,1
7,1
8,1
9,1
10,1
11,1
12,1
13,1
14,1
15,1
16,1
17,1
18,1
19,1
20,1
21,1
22,1
23,1
36,1
10,1
117,1
27,1
28,1
63,1
30,1
31,1
32,1
33,1
18,1
35,1
36,1
37,1
41,1
115,1
41,1
40,1
42,1
43,1
1,1
125,1
124,1
47,1
8,1
4,1
4,1
51,1
51,1
49,1
4,1
55,1
56,1
57,1
58,1
59,1
60,1
61,1
125,1
63,1
3,1
16,1
150,1
67,1
36,1
69,1
70,1
71,1
72,1
73,1
3,1
138,1
123,1
123,1
125,1
137,1
67,1
136,1
136,1
137,1
138,1
139,1
149,1
141,1
142,1
143,1
15,1
152,1
147,1
149,1
24,1
151,1
152,1
35,1
1,1
99,1
100,1
101,1
102,1
103,1
104,1
105,1
106,1
107,1
108,1
109,1
110,1
55,1
112,1
113,1
114,1
115,1
116,1
41,1
118,1
112,1
120,1
76,1
75,1
76,1
17,1
80,1
130,1
80,1
84,1
82,1
83,1
84,1
133,1
86,1
131,1
88,1
89,1
90,1
91,1
92,1
93,1
94,1
84,1
96,1
76,1
98,1
130,1
131,1
132,1
133,1
134,1
135,1
146,1
85,1
0,1
1,1
37,1
3,1
4,1
17,1
6,1
7,1
8,1
25,1
10,1
11,1
12,1
13,1
14,1
15,1
16,1
17,1
18,1
19,1
20,1
21,1
22,1
23,1
125,1
32,1
26,1
27,1
28,1
29,1
30,1
31,1
32,1
33,1
34,1
35,1
24,1
37,1
38,1
39,1
24,1
41,1
42,1
43,1
44,1
45,1
150,1
47,1
27,1
49,1
8,1
32,1
10,1
53,1
54,1
55,1
56,1
57,1
58,1
59,1
60,1
61,1
71,1
65,1
64,1
71,1
66,1
67,1
71,1
69,1
70,1
71,1
72,1
73,1
50,1
123,1
123,1
124,1
0,1
126,1
127,1
136,1
136,1
137,1
138,1
139,1
140,1
141,1
142,1
143,1
144,1
35,1
22,1
17,1
34,1
151,1
152,1
153,1
154,1
105,1
100,1
101,1
102,1
103,1
104,1
120,1
106,1
107,1
102,1
43,1
110,1
110,1
101,1
113,1
114,1
117,1
117,1
117,1
19,1
119,1
117,1
76,1
75,1
93,1
77,1
77,1
79,1
80,1
85,1
81,1
83,1
84,1
20,1
77,1
130,1
88,1
89,1
132,1
91,1
92,1
93,1
94,1
95,1
96,1
97,1
98,1
131,1
81,1
132,1
133,1
134,1
131,1
97,1
95,1
