54,1
73,1
56,1
57,1
58,1
59,1
60,1
61,1
36,1
63,1
15,1
35,1
59,1
15,1
68,1
12,1
2,1
71,1
1,1
73,1
99,1
100,1
101,1
55,1
103,1
104,1
105,1
106,1
107,1
108,1
109,1
110,1
111,1
112,1
113,1
143,1
3,1
115,1
38,1
43,1
119,1
120,1
136,1
63,1
36,1
127,1
29,1
129,1
45,1
1,1
5,1
3,1
151,1
9,1
100,1
7,1
8,1
8,1
1,1
11,1
126,1
13,1
109,1
36,1
36,1
100,1
47,1
19,1
59,1
56,1
59,1
23,1
45,1
10,1
116,1
62,1
28,1
29,1
30,1
18,1
100,1
33,1
1,1
14,1
36,1
43,1
36,1
43,1
31,1
3,1
105,1
43,1
1,1
65,1
127,1
18,1
28,1
49,1
136,1
136,1
49,1
46,1
7,1
25,1
30,1
10,1
103,1
59,1
61,1
61,1
65,1
63,1
64,1
71,1
20,1
65,1
62,1
16,1
62,1
71,1
72,1
107,1
99,1
10,1
126,1
144,1
103,1
104,1
105,1
107,1
107,1
108,1
103,1
55,1
67,1
112,1
113,1
114,1
116,1
116,1
116,1
43,1
119,1
120,1
136,1
122,1
124,1
36,1
109,1
127,1
129,1
138,1
137,1
59,1
139,1
113,1
137,1
150,1
42,1
63,1
109,1
103,1
150,1
151,1
36,1
57,1
2,1
103,1
4,1
5,1
6,1
7,1
48,1
100,1
10,1
11,1
12,1
13,1
109,1
63,1
62,1
36,1
14,1
19,1
20,1
21,1
22,1
23,1
36,1
32,1
116,1
36,1
48,1
66,1
30,1
20,1
32,1
111,1
27,1
32,1
24,1
3,1
41,1
115,1
31,1
115,1
48,1
40,1
127,1
103,1
127,1
18,1
10,1
49,1
46,1
49,1
66,1
124,1
54,1
55,1
32,1
32,1
103,1
59,1
60,1
61,1
35,1
63,1
36,1
65,1
60,1
2,1
36,1
56,1
2,1
50,1
129,1
73,1
99,1
32,1
101,1
108,1
103,1
104,1
113,1
107,1
107,1
112,1
109,1
55,1
111,1
112,1
113,1
114,1
115,1
115,1
117,1
41,1
119,1
120,1
142,1
46,1
46,1
43,1
113,1
127,1
72,1
141,1
126,1
5,1
66,1
59,1
141,1
142,1
73,1
13,1
34,1
116,1
100,1
140,1
74,1
75,1
76,1
81,1
87,1
76,1
80,1
94,1
82,1
83,1
95,1
85,1
146,1
85,1
88,1
97,1
76,1
91,1
92,1
93,1
94,1
130,1
96,1
94,1
98,1
130,1
81,1
86,1
133,1
92,1
83,1
95,1
148,1
41,1
10,1
37,1
30,1
49,1
5,1
54,1
32,1
8,1
10,1
10,1
11,1
12,1
14,1
14,1
16,1
16,1
28,1
73,1
19,1
20,1
3,1
60,1
23,1
24,1
68,1
99,1
48,1
28,1
49,1
30,1
2,1
10,1
33,1
64,1
5,1
36,1
2,1
41,1
115,1
67,1
115,1
42,1
41,1
35,1
24,1
46,1
47,1
48,1
151,1
151,1
14,1
121,1
122,1
49,1
73,1
51,1
57,1
103,1
59,1
60,1
60,1
36,1
63,1
36,1
62,1
66,1
67,1
68,1
136,1
70,1
71,1
72,1
73,1
99,1
9,1
101,1
15,1
103,1
56,1
105,1
143,1
107,1
45,1
109,1
111,1
111,1
112,1
43,1
114,1
3,1
116,1
30,1
19,1
119,1
120,1
49,1
151,1
124,1
123,1
36,1
126,1
104,1
129,1
137,1
137,1
61,1
139,1
140,1
151,1
142,1
143,1
15,1
14,1
43,1
48,1
138,1
1,1
1,1
34,1
3,1
49,1
22,1
152,1
7,1
8,1
10,1
25,1
11,1
56,1
13,1
14,1
62,1
16,1
5,1
23,1
19,1
61,1
115,1
22,1
22,1
150,1
56,1
141,1
32,1
28,1
29,1
30,1
36,1
32,1
8,1
36,1
31,1
150,1
37,1
24,1
1,1
150,1
41,1
120,1
118,1
32,1
32,1
124,1
150,1
28,1
29,1
4,1
126,1
136,1
150,1
54,1
32,1
56,1
141,1
58,1
59,1
60,1
61,1
43,1
71,1
36,1
71,1
66,1
0,1
1,1
150,1
68,1
71,1
19,1
73,1
99,1
100,1
101,1
47,1
103,1
104,1
27,1
105,1
107,1
108,1
109,1
101,1
139,1
112,1
113,1
114,1
116,1
116,1
115,1
118,1
119,1
120,1
129,1
100,1
46,1
36,1
127,1
151,1
103,1
86,1
75,1
86,1
77,1
78,1
133,1
98,1
89,1
75,1
98,1
84,1
86,1
98,1
84,1
88,1
94,1
90,1
93,1
92,1
95,1
94,1
95,1
96,1
94,1
98,1
130,1
131,1
132,1
133,1
134,1
135,1
146,1
148,1
35,1
52,1
67,1
63,1
49,1
145,1
71,1
29,1
52,1
9,1
3,1
11,1
12,1
35,1
52,1
144,1
63,1
52,1
34,1
129,1
3,1
30,1
30,1
3,1
34,1
10,1
116,1
30,1
48,1
71,1
30,1
5,1
100,1
52,1
144,1
35,1
65,1
15,1
3,1
24,1
62,1
67,1
34,1
20,1
1,1
52,1
52,1
145,1
52,1
29,1
29,1
3,1
136,1
54,1
54,1
15,1
51,1
3,1
20,1
20,1
60,1
62,1
63,1
68,1
30,1
65,1
65,1
65,1
65,1
62,1
52,1
129,1
51,1
15,1
30,1
101,1
145,1
30,1
73,1
106,1
106,1
107,1
69,1
100,1
73,1
73,1
112,1
101,1
19,1
149,1
113,1
70,1
67,1
119,1
105,1
53,1
124,1
32,1
17,1
127,1
60,1
129,1
16,1
141,1
142,1
11,1
144,1
145,1
5,1
67,1
70,1
36,1
1,1
63,1
30,1
50,1
149,1
6,1
7,1
25,1
10,1
10,1
119,1
12,1
144,1
48,1
15,1
35,1
27,1
30,1
19,1
60,1
21,1
22,1
23,1
10,1
25,1
26,1
27,1
103,1
71,1
30,1
31,1
32,1
28,1
34,1
35,1
36,1
67,1
72,1
31,1
36,1
43,1
111,1
43,1
32,1
25,1
46,1
57,1
48,1
49,1
71,1
49,1
29,1
71,1
49,1
18,1
56,1
57,1
103,1
59,1
141,1
60,1
62,1
63,1
30,1
65,1
60,1
68,1
68,1
69,1
68,1
71,1
108,1
73,1
99,1
100,1
101,1
102,1
103,1
99,1
105,1
106,1
107,1
108,1
109,1
55,1
111,1
112,1
113,1
106,1
104,1
116,1
115,1
43,1
119,1
120,1
136,1
137,1
124,1
45,1
126,1
127,1
105,1
121,1
137,1
129,1
139,1
140,1
141,1
71,1
143,1
33,1
16,1
26,1
43,1
71,1
40,1
1,1
2,1
103,1
124,1
1,1
6,1
7,1
8,1
48,1
127,1
120,1
12,1
13,1
13,1
15,1
15,1
140,1
25,1
129,1
20,1
21,1
59,1
23,1
150,1
127,1
115,1
45,1
28,1
63,1
30,1
62,1
32,1
28,1
34,1
35,1
38,1
31,1
65,1
0,1
116,1
36,1
42,1
72,1
9,1
68,1
127,1
72,1
126,1
151,1
50,1
49,1
54,1
53,1
54,1
108,1
56,1
32,1
103,1
59,1
60,1
60,1
68,1
23,1
64,1
65,1
59,1
65,1
116,1
138,1
65,1
71,1
43,1
73,1
99,1
33,1
101,1
113,1
103,1
104,1
105,1
106,1
107,1
108,1
109,1
110,1
111,1
108,1
113,1
114,1
116,1
115,1
69,1
72,1
112,1
120,1
54,1
122,1
124,1
36,1
126,1
127,1
129,1
138,1
137,1
113,1
101,1
113,1
141,1
151,1
143,1
125,1
48,1
149,1
129,1
151,1
16,1
48,1
129,1
30,1
50,1
34,1
6,1
46,1
8,1
10,1
68,1
11,1
12,1
42,1
145,1
139,1
16,1
16,1
42,1
113,1
60,1
60,1
22,1
36,1
48,1
19,1
32,1
8,1
49,1
34,1
70,1
8,1
57,1
34,1
35,1
1,1
145,1
43,1
115,1
43,1
72,1
149,1
100,1
72,1
1,1
23,1
34,1
27,1
54,1
50,1
29,1
54,1
54,1
54,1
55,1
56,1
57,1
109,1
59,1
60,1
61,1
5,1
109,1
71,1
50,1
150,1
65,1
48,1
69,1
144,1
111,1
138,1
11,1
12,1
100,1
101,1
109,1
58,1
119,1
105,1
106,1
107,1
108,1
109,1
55,1
111,1
112,1
113,1
114,1
5,1
149,1
117,1
118,1
119,1
120,1
71,1
123,1
139,1
122,1
56,1
126,1
127,1
137,1
71,1
137,1
136,1
138,1
118,1
46,1
138,1
143,1
144,1
136,1
140,1
19,1
138,1
87,1
75,1
76,1
77,1
87,1
135,1
83,1
77,1
98,1
83,1
85,1
89,1
87,1
74,1
75,1
97,1
98,1
91,1
134,1
131,1
97,1
95,1
83,1
135,1
98,1
130,1
93,1
132,1
87,1
92,1
135,1
74,1
76,1
2,1
44,1
144,1
150,1
142,1
36,1
122,1
7,1
48,1
126,1
10,1
140,1
11,1
15,1
14,1
15,1
16,1
19,1
145,1
19,1
20,1
32,1
60,1
152,1
70,1
67,1
149,1
45,1
48,1
7,1
117,1
36,1
32,1
14,1
68,1
1,1
36,1
144,1
15,1
15,1
125,1
64,1
42,1
108,1
9,1
52,1
46,1
126,1
147,1
51,1
49,1
49,1
4,1
53,1
128,1
143,1
56,1
32,1
103,1
59,1
32,1
59,1
29,1
29,1
125,1
71,1
66,1
145,1
71,1
65,1
150,1
71,1
105,1
15,1
152,1
104,1
101,1
102,1
101,1
112,1
105,1
106,1
107,1
120,1
109,1
143,1
114,1
112,1
113,1
114,1
115,1
116,1
117,1
72,1
119,1
120,1
152,1
123,1
123,1
123,1
68,1
126,1
20,1
137,1
126,1
137,1
137,1
126,1
126,1
140,1
141,1
142,1
143,1
144,1
145,1
115,1
33,1
151,1
99,1
100,1
106,1
126,1
114,1
112,1
105,1
106,1
107,1
108,1
109,1
55,1
111,1
119,1
113,1
114,1
115,1
115,1
117,1
72,1
119,1
120,1
74,1
75,1
76,1
95,1
74,1
148,1
80,1
81,1
82,1
83,1
85,1
85,1
148,1
77,1
88,1
89,1
90,1
91,1
92,1
148,1
94,1
131,1
96,1
97,1
98,1
93,1
132,1
133,1
134,1
135,1
146,1
148,1
0,1
44,1
2,1
3,1
29,1
43,1
6,1
7,1
8,1
10,1
10,1
11,1
12,1
144,1
14,1
144,1
16,1
113,1
18,1
113,1
20,1
21,1
22,1
23,1
36,1
68,1
26,1
45,1
8,1
29,1
30,1
5,1
32,1
103,1
144,1
43,1
24,1
117,1
43,1
19,1
43,1
118,1
42,1
72,1
9,1
36,1
46,1
47,1
48,1
52,1
71,1
136,1
151,1
53,1
151,1
55,1
21,1
25,1
58,1
59,1
60,1
20,1
62,1
102,1
15,1
126,1
20,1
70,1
45,1
69,1
69,1
71,1
72,1
99,1
74,1
75,1
77,1
148,1
96,1
81,1
86,1
83,1
84,1
84,1
148,1
87,1
88,1
89,1
98,1
83,1
148,1
84,1
94,1
95,1
98,1
97,1
84,1
99,1
32,1
101,1
109,1
103,1
104,1
19,1
143,1
107,1
108,1
109,1
117,1
111,1
112,1
113,1
114,1
116,1
37,1
19,1
43,1
119,1
120,1
3,1
122,1
142,1
128,1
36,1
126,1
127,1
129,1
130,1
87,1
93,1
133,1
97,1
135,1
136,1
71,1
136,1
139,1
139,1
141,1
147,1
107,1
34,1
144,1
146,1
148,1
140,1
59,1
151,1
143,1
63,1
10,1
15,1
63,1
50,1
5,1
6,1
54,1
28,1
9,1
63,1
11,1
12,1
13,1
14,1
15,1
35,1
5,1
13,1
149,1
20,1
21,1
22,1
3,1
10,1
10,1
5,1
27,1
63,1
29,1
30,1
0,1
32,1
33,1
1,1
1,1
36,1
15,1
35,1
0,1
35,1
41,1
42,1
36,1
14,1
45,1
6,1
36,1
48,1
50,1
49,1
51,1
53,1
53,1
54,1
73,1
56,1
57,1
103,1
25,1
60,1
20,1
36,1
63,1
67,1
64,1
20,1
31,1
36,1
65,1
70,1
29,1
100,1
73,1
107,1
32,1
101,1
14,1
103,1
106,1
105,1
106,1
107,1
27,1
109,1
110,1
139,1
112,1
113,1
114,1
115,1
149,1
31,1
43,1
119,1
120,1
63,1
122,1
141,1
122,1
36,1
126,1
56,1
71,1
149,1
136,1
151,1
72,1
139,1
139,1
141,1
142,1
73,1
63,1
16,1
149,1
24,1
126,1
76,1
75,1
76,1
77,1
87,1
130,1
80,1
81,1
80,1
83,1
84,1
85,1
76,1
87,1
88,1
133,1
90,1
91,1
92,1
87,1
94,1
85,1
83,1
97,1
98,1
130,1
87,1
87,1
133,1
130,1
135,1
146,1
148,1
15,1
45,1
70,1
152,1
49,1
5,1
6,1
49,1
57,1
1,1
72,1
11,1
12,1
33,1
145,1
144,1
145,1
17,1
144,1
19,1
20,1
21,1
147,1
23,1
118,1
56,1
116,1
72,1
47,1
71,1
30,1
24,1
8,1
48,1
24,1
56,1
24,1
67,1
72,1
116,1
115,1
129,1
102,1
24,1
28,1
45,1
46,1
18,1
10,1
49,1
50,1
54,1
52,1
151,1
54,1
55,1
72,1
8,1
58,1
59,1
60,1
60,1
30,1
63,1
24,1
65,1
66,1
62,1
24,1
11,1
104,1
138,1
105,1
104,1
120,1
100,1
126,1
102,1
106,1
56,1
113,1
106,1
106,1
34,1
8,1
55,1
99,1
108,1
113,1
143,1
117,1
117,1
2,1
105,1
119,1
120,1
121,1
123,1
123,1
124,1
43,1
126,1
127,1
126,1
72,1
138,1
137,1
138,1
139,1
149,1
141,1
142,1
143,1
71,1
67,1
42,1
150,1
122,1
75,1
75,1
76,1
77,1
87,1
79,1
80,1
81,1
87,1
131,1
148,1
85,1
86,1
78,1
88,1
85,1
90,1
95,1
82,1
87,1
89,1
77,1
96,1
97,1
98,1
130,1
85,1
132,1
133,1
134,1
135,1
146,1
75,1
150,1
150,1
69,1
71,1
151,1
17,1
123,1
123,1
57,1
126,1
72,1
137,1
138,1
47,1
61,1
18,1
140,1
149,1
139,1
19,1
20,1
60,1
141,1
23,1
140,1
60,1
115,1
61,1
126,1
138,1
24,1
129,1
57,1
110,1
47,1
1,1
41,1
30,1
115,1
129,1
115,1
115,1
108,1
113,1
60,1
28,1
123,1
36,1
48,1
63,1
71,1
20,1
150,1
137,1
6,1
150,1
150,1
150,1
58,1
59,1
59,1
20,1
150,1
63,1
31,1
138,1
152,1
69,1
59,1
138,1
118,1
138,1
113,1
139,1
113,1
126,1
101,1
138,1
126,1
150,1
120,1
139,1
59,1
102,1
152,1
111,1
67,1
101,1
113,1
110,1
138,1
118,1
41,1
72,1
119,1
120,1
5,1
141,1
141,1
6,1
150,1
126,1
123,1
126,1
43,1
138,1
137,1
138,1
139,1
126,1
141,1
126,1
143,1
138,1
140,1
140,1
150,1
141,1
74,1
75,1
76,1
77,1
87,1
79,1
148,1
94,1
76,1
83,1
84,1
86,1
86,1
78,1
88,1
97,1
90,1
91,1
92,1
85,1
94,1
95,1
96,1
89,1
98,1
87,1
78,1
132,1
133,1
134,1
135,1
146,1
148,1
30,1
10,1
108,1
21,1
4,1
32,1
66,1
7,1
28,1
10,1
25,1
11,1
12,1
13,1
14,1
15,1
16,1
140,1
25,1
129,1
20,1
21,1
22,1
7,1
45,1
10,1
10,1
3,1
48,1
71,1
30,1
31,1
32,1
150,1
144,1
145,1
36,1
67,1
31,1
37,1
27,1
36,1
42,1
24,1
34,1
45,1
46,1
47,1
48,1
4,1
50,1
49,1
150,1
51,1
54,1
18,1
61,1
10,1
109,1
59,1
60,1
60,1
64,1
63,1
27,1
28,1
20,1
67,1
68,1
56,1
29,1
71,1
72,1
73,1
10,1
100,1
101,1
102,1
103,1
104,1
105,1
106,1
107,1
108,1
109,1
110,1
111,1
112,1
113,1
114,1
116,1
116,1
24,1
43,1
119,1
120,1
5,1
124,1
123,1
46,1
45,1
126,1
127,1
122,1
19,1
137,1
150,1
138,1
33,1
140,1
141,1
142,1
143,1
144,1
35,1
140,1
150,1
136,1
74,1
75,1
87,1
95,1
87,1
79,1
87,1
81,1
86,1
98,1
84,1
85,1
87,1
87,1
88,1
94,1
87,1
91,1
92,1
93,1
89,1
95,1
148,1
97,1
98,1
130,1
74,1
91,1
89,1
97,1
135,1
146,1
148,1
36,1
1,1
70,1
63,1
49,1
24,1
140,1
7,1
8,1
8,1
10,1
11,1
12,1
18,1
1,1
15,1
35,1
121,1
47,1
19,1
20,1
32,1
22,1
23,1
45,1
10,1
0,1
1,1
100,1
71,1
30,1
31,1
32,1
33,1
34,1
35,1
36,1
37,1
38,1
28,1
36,1
31,1
102,1
36,1
36,1
45,1
127,1
1,1
8,1
49,1
50,1
51,1
49,1
141,1
54,1
111,1
32,1
69,1
58,1
59,1
60,1
60,1
36,1
63,1
64,1
25,1
66,1
62,1
68,1
69,1
65,1
29,1
72,1
143,1
99,1
10,1
101,1
102,1
103,1
104,1
105,1
106,1
107,1
108,1
103,1
100,1
111,1
112,1
113,1
143,1
115,1
115,1
2,1
118,1
119,1
120,1
51,1
122,1
123,1
141,1
25,1
109,1
127,1
151,1
129,1
137,1
137,1
138,1
149,1
58,1
142,1
48,1
143,1
13,1
35,1
17,1
150,1
123,1
87,1
75,1
76,1
77,1
78,1
135,1
80,1
82,1
82,1
83,1
84,1
75,1
132,1
87,1
88,1
97,1
83,1
91,1
92,1
93,1
94,1
95,1
82,1
89,1
98,1
130,1
131,1
132,1
133,1
134,1
135,1
146,1
87,1
68,1
63,1
24,1
32,1
4,1
43,1
9,1
7,1
8,1
10,1
10,1
140,1
12,1
61,1
63,1
15,1
16,1
28,1
18,1
113,1
20,1
29,1
22,1
23,1
118,1
32,1
129,1
20,1
48,1
29,1
30,1
31,1
32,1
33,1
144,1
35,1
24,1
2,1
37,1
39,1
41,1
24,1
42,1
24,1
57,1
45,1
46,1
47,1
9,1
142,1
50,1
142,1
154,1
61,1
54,1
111,1
56,1
21,1
58,1
59,1
60,1
66,1
65,1
29,1
36,1
138,1
66,1
24,1
25,1
69,1
70,1
71,1
43,1
143,1
107,1
32,1
101,1
47,1
103,1
99,1
105,1
106,1
107,1
25,1
47,1
106,1
111,1
112,1
113,1
143,1
115,1
113,1
129,1
43,1
119,1
105,1
52,1
123,1
122,1
152,1
43,1
8,1
139,1
52,1
129,1
136,1
136,1
138,1
139,1
140,1
141,1
65,1
143,1
144,1
35,1
113,1
136,1
53,1
40,1
150,1
41,1
3,1
4,1
43,1
122,1
6,1
8,1
150,1
24,1
11,1
12,1
13,1
28,1
67,1
16,1
121,1
18,1
19,1
20,1
21,1
60,1
66,1
36,1
60,1
150,1
1,1
150,1
29,1
30,1
36,1
20,1
150,1
18,1
145,1
1,1
70,1
41,1
19,1
24,1
41,1
42,1
41,1
125,1
24,1
141,1
47,1
57,1
49,1
50,1
49,1
50,1
136,1
54,1
55,1
56,1
57,1
103,1
59,1
66,1
60,1
36,1
63,1
64,1
71,1
66,1
62,1
68,1
69,1
67,1
71,1
72,1
55,1
73,1
57,1
101,1
102,1
103,1
104,1
105,1
106,1
107,1
108,1
109,1
18,1
10,1
112,1
113,1
114,1
115,1
116,1
117,1
118,1
119,1
120,1
127,1
136,1
138,1
53,1
36,1
126,1
127,1
138,1
129,1
141,1
137,1
112,1
139,1
140,1
141,1
142,1
143,1
144,1
144,1
149,1
125,1
122,1
76,1
75,1
75,1
77,1
87,1
98,1
96,1
81,1
86,1
83,1
84,1
85,1
86,1
87,1
85,1
89,1
90,1
91,1
92,1
93,1
94,1
85,1
96,1
97,1
98,1
130,1
93,1
132,1
133,1
81,1
135,1
146,1
148,1
148,1
75,1
86,1
77,1
78,1
79,1
80,1
94,1
78,1
132,1
84,1
86,1
74,1
93,1
88,1
89,1
90,1
80,1
92,1
93,1
94,1
95,1
96,1
97,1
98,1
75,1
93,1
90,1
133,1
94,1
135,1
146,1
148,1
35,1
32,1
34,1
3,1
49,1
6,1
49,1
7,1
8,1
10,1
25,1
11,1
12,1
35,1
32,1
144,1
145,1
100,1
18,1
19,1
150,1
71,1
22,1
23,1
45,1
25,1
5,1
10,1
10,1
29,1
30,1
31,1
127,1
8,1
24,1
35,1
36,1
37,1
37,1
38,1
36,1
36,1
42,1
43,1
25,1
25,1
127,1
28,1
48,1
52,1
50,1
71,1
50,1
53,1
54,1
55,1
32,1
32,1
58,1
59,1
60,1
61,1
62,1
62,1
36,1
5,1
138,1
125,1
1,1
2,1
67,1
71,1
72,1
73,1
99,1
100,1
102,1
102,1
103,1
104,1
8,1
106,1
107,1
108,1
109,1
139,1
111,1
112,1
113,1
143,1
115,1
26,1
31,1
19,1
119,1
120,1
49,1
122,1
123,1
141,1
36,1
138,1
54,1
123,1
105,1
129,1
137,1
71,1
139,1
140,1
141,1
129,1
143,1
144,1
1,1
113,1
3,1
122,1
76,1
75,1
76,1
77,1
132,1
148,1
80,1
81,1
82,1
96,1
84,1
84,1
86,1
87,1
75,1
90,1
91,1
92,1
82,1
94,1
95,1
84,1
97,1
98,1
95,1
86,1
87,1
133,1
134,1
135,1
146,1
148,1
125,1
45,1
27,1
3,1
50,1
27,1
46,1
66,1
68,1
45,1
10,1
136,1
11,1
62,1
14,1
64,1
16,1
154,1
18,1
19,1
71,1
56,1
60,1
23,1
125,1
32,1
70,1
100,1
47,1
71,1
125,1
62,1
100,1
36,1
36,1
34,1
144,1
150,1
68,1
56,1
108,1
125,1
42,1
68,1
45,1
45,1
127,1
47,1
8,1
136,1
49,1
28,1
1,1
10,1
54,1
18,1
56,1
45,1
103,1
59,1
30,1
20,1
150,1
43,1
36,1
47,1
136,1
70,1
68,1
68,1
150,1
136,1
112,1
57,1
69,1
137,1
123,1
124,1
36,1
137,1
46,1
54,1
140,1
151,1
123,1
150,1
139,1
140,1
141,1
68,1
139,1
70,1
145,1
140,1
150,1
123,1
150,1
150,1
2,1
30,1
4,1
24,1
6,1
136,1
57,1
10,1
25,1
12,1
150,1
139,1
14,1
15,1
15,1
20,1
144,1
144,1
20,1
154,1
59,1
22,1
69,1
10,1
129,1
127,1
72,1
63,1
32,1
150,1
32,1
47,1
150,1
57,1
62,1
3,1
24,1
116,1
72,1
115,1
42,1
43,1
43,1
27,1
123,1
47,1
48,1
50,1
50,1
3,1
32,1
9,1
105,1
111,1
72,1
27,1
103,1
59,1
60,1
61,1
39,1
35,1
24,1
35,1
66,1
62,1
72,1
120,1
72,1
71,1
72,1
73,1
7,1
137,1
123,1
123,1
45,1
126,1
150,1
71,1
129,1
137,1
137,1
150,1
103,1
140,1
61,1
142,1
143,1
28,1
65,1
139,1
150,1
126,1
119,1
100,1
101,1
101,1
103,1
108,1
120,1
113,1
107,1
104,1
109,1
73,1
27,1
112,1
113,1
101,1
150,1
11,1
18,1
102,1
112,1
120,1
132,1
75,1
74,1
77,1
87,1
79,1
80,1
81,1
148,1
83,1
85,1
85,1
83,1
80,1
85,1
89,1
90,1
91,1
92,1
93,1
94,1
95,1
96,1
97,1
98,1
130,1
93,1
132,1
133,1
134,1
135,1
146,1
98,1
61,1
61,1
61,1
60,1
61,1
60,1
60,1
22,1
28,1
127,1
51,1
11,1
12,1
61,1
14,1
144,1
43,1
5,1
14,1
72,1
66,1
32,1
22,1
23,1
36,1
127,1
22,1
22,1
22,1
29,1
30,1
150,1
32,1
28,1
68,1
52,1
62,1
67,1
45,1
36,1
62,1
36,1
42,1
43,1
10,1
1,1
141,1
125,1
48,1
49,1
50,1
3,1
72,1
53,1
54,1
73,1
32,1
28,1
101,1
59,1
60,1
61,1
64,1
63,1
36,1
65,1
66,1
65,1
68,1
104,1
68,1
71,1
150,1
63,1
36,1
122,1
123,1
53,1
45,1
126,1
127,1
123,1
129,1
136,1
137,1
138,1
139,1
140,1
141,1
142,1
143,1
144,1
145,1
5,1
150,1
53,1
99,1
100,1
101,1
102,1
103,1
104,1
105,1
106,1
107,1
108,1
109,1
110,1
111,1
112,1
138,1
114,1
140,1
116,1
140,1
118,1
112,1
105,1
148,1
76,1
76,1
77,1
78,1
79,1
80,1
89,1
75,1
98,1
84,1
85,1
148,1
148,1
89,1
89,1
90,1
96,1
92,1
132,1
94,1
87,1
82,1
75,1
98,1
130,1
87,1
140,1
130,1
134,1
135,1
146,1
148,1
36,1
1,1
144,1
63,1
6,1
100,1
6,1
66,1
8,1
32,1
127,1
11,1
42,1
14,1
32,1
13,1
66,1
66,1
18,1
72,1
20,1
57,1
66,1
23,1
36,1
30,1
115,1
127,1
28,1
29,1
30,1
64,1
32,1
28,1
62,1
35,1
36,1
2,1
62,1
19,1
62,1
36,1
42,1
43,1
1,1
127,1
49,1
28,1
32,1
50,1
50,1
50,1
49,1
141,1
54,1
139,1
56,1
32,1
58,1
59,1
20,1
61,1
62,1
121,1
36,1
65,1
59,1
62,1
68,1
56,1
0,1
68,1
150,1
73,1
121,1
122,1
123,1
53,1
141,1
126,1
3,1
127,1
129,1
136,1
137,1
72,1
66,1
149,1
127,1
124,1
143,1
47,1
35,1
149,1
150,1
53,1
73,1
100,1
102,1
102,1
103,1
104,1
105,1
106,1
107,1
108,1
109,1
110,1
42,1
104,1
113,1
114,1
149,1
149,1
117,1
118,1
119,1
120,1
76,1
75,1
76,1
77,1
78,1
79,1
96,1
84,1
75,1
83,1
85,1
85,1
148,1
87,1
92,1
89,1
90,1
91,1
92,1
93,1
94,1
77,1
96,1
97,1
98,1
130,1
93,1
86,1
133,1
134,1
135,1
75,1
148,1
71,1
100,1
100,1
36,1
100,1
31,1
150,1
59,1
100,1
100,1
100,1
41,1
48,1
36,1
100,1
100,1
36,1
41,1
130,1
113,1
150,1
130,1
31,1
41,1
64,1
33,1
113,1
18,1
36,1
33,1
41,1
41,1
112,1
41,1
36,1
70,1
33,1
41,1
109,1
115,1
18,1
117,1
41,1
36,1
120,1
36,1
32,1
59,1
18,1
100,1
18,1
36,1
54,1
50,1
100,1
45,1
19,1
130,1
90,1
41,1
41,1
100,1
41,1
33,1
59,1
104,1
41,1
36,1
130,1
41,1
2,1
2,1
41,1
19,1
99,1
150,1
31,1
21,1
96,1
99,1
57,1
127,1
126,1
126,1
133,1
36,1
46,1
54,1
149,1
150,1
100,1
152,1
18,1
36,1
65,1
97,1
120,1
100,1
36,1
126,1
64,1
11,1
22,1
12,1
149,1
99,1
18,1
115,1
16,1
69,1
64,1
136,1
70,1
71,1
97,1
76,1
65,1
29,1
93,1
93,1
132,1
78,1
80,1
97,1
87,1
146,1
95,1
83,1
90,1
130,1
93,1
83,1
97,1
100,1
83,1
132,1
81,1
91,1
80,1
83,1
76,1
83,1
135,1
133,1
93,1
146,1
151,1
80,1
76,1
81,1
80,1
3,1
1,1
64,1
100,1
50,1
5,1
6,1
100,1
10,1
10,1
10,1
11,1
11,1
63,1
14,1
15,1
16,1
103,1
18,1
19,1
20,1
21,1
22,1
23,1
32,1
25,1
115,1
27,1
28,1
71,1
30,1
31,1
100,1
63,1
63,1
43,1
36,1
43,1
62,1
129,1
62,1
62,1
42,1
65,1
30,1
72,1
122,1
150,1
25,1
54,1
54,1
122,1
122,1
46,1
136,1
18,1
10,1
32,1
58,1
59,1
60,1
60,1
30,1
63,1
30,1
144,1
20,1
62,1
36,1
129,1
30,1
63,1
68,1
55,1
149,1
122,1
122,1
99,1
32,1
101,1
109,1
103,1
56,1
1,1
68,1
6,1
116,1
65,1
136,1
129,1
136,1
150,1
140,1
141,1
150,1
106,1
34,1
14,1
17,1
42,1
115,1
107,1
105,1
112,1
107,1
108,1
103,1
73,1
111,1
112,1
32,1
111,1
116,1
104,1
113,1
36,1
10,1
56,1
148,1
130,1
77,1
87,1
78,1
79,1
80,1
77,1
80,1
83,1
133,1
85,1
74,1
87,1
85,1
94,1
98,1
95,1
92,1
95,1
148,1
95,1
83,1
85,1
83,1
130,1
84,1
132,1
133,1
134,1
83,1
146,1
148,1
68,1
145,1
5,1
29,1
49,1
20,1
122,1
7,1
32,1
32,1
10,1
11,1
11,1
63,1
32,1
35,1
125,1
5,1
18,1
2,1
29,1
30,1
141,1
71,1
36,1
25,1
56,1
32,1
32,1
29,1
21,1
0,1
129,1
9,1
35,1
44,1
100,1
0,1
45,1
29,1
36,1
35,1
100,1
20,1
29,1
29,1
124,1
63,1
9,1
53,1
29,1
126,1
29,1
53,1
122,1
142,1
56,1
25,1
103,1
21,1
136,1
136,1
65,1
29,1
5,1
71,1
66,1
29,1
25,1
69,1
68,1
71,1
113,1
55,1
29,1
53,1
124,1
122,1
36,1
126,1
127,1
112,1
137,1
122,1
54,1
66,1
66,1
137,1
122,1
143,1
1,1
1,1
5,1
63,1
7,1
99,1
126,1
58,1
100,1
109,1
105,1
120,1
106,1
107,1
29,1
29,1
103,1
63,1
26,1
113,1
106,1
116,1
29,1
31,1
43,1
119,1
120,1
83,1
83,1
75,1
77,1
78,1
97,1
96,1
81,1
148,1
148,1
87,1
78,1
82,1
98,1
134,1
94,1
134,1
87,1
92,1
132,1
134,1
97,1
148,1
134,1
98,1
146,1
75,1
146,1
133,1
134,1
135,1
146,1
134,1
1,1
43,1
2,1
21,1
50,1
140,1
6,1
7,1
8,1
10,1
150,1
11,1
12,1
13,1
0,1
15,1
16,1
42,1
18,1
19,1
20,1
32,1
22,1
103,1
36,1
25,1
27,1
27,1
8,1
71,1
30,1
37,1
116,1
48,1
103,1
145,1
36,1
15,1
112,1
41,1
3,1
26,1
5,1
108,1
5,1
30,1
46,1
47,1
25,1
49,1
49,1
1,1
51,1
151,1
54,1
56,1
44,1
57,1
58,1
59,1
60,1
141,1
0,1
63,1
36,1
65,1
59,1
3,1
25,1
65,1
67,1
71,1
151,1
36,1
137,1
121,1
122,1
53,1
122,1
68,1
126,1
127,1
26,1
151,1
151,1
113,1
139,1
129,1
141,1
142,1
143,1
144,1
14,1
149,1
36,1
123,1
57,1
100,1
101,1
28,1
103,1
10,1
105,1
106,1
107,1
108,1
109,1
106,1
111,1
112,1
113,1
114,1
23,1
116,1
24,1
24,1
119,1
120,1
74,1
75,1
74,1
77,1
78,1
148,1
80,1
81,1
148,1
83,1
84,1
84,1
86,1
135,1
88,1
89,1
90,1
91,1
92,1
93,1
94,1
95,1
96,1
135,1
76,1
93,1
132,1
133,1
134,1
135,1
146,1
148,1
126,1
74,1
75,1
76,1
86,1
87,1
148,1
98,1
85,1
148,1
83,1
84,1
85,1
74,1
87,1
88,1
89,1
98,1
91,1
92,1
93,1
94,1
86,1
98,1
97,1
98,1
130,1
78,1
132,1
133,1
134,1
135,1
97,1
98,1
144,1
144,1
2,1
126,1
54,1
127,1
142,1
150,1
72,1
126,1
12,1
139,1
100,1
15,1
149,1
129,1
24,1
55,1
152,1
136,1
59,1
23,1
150,1
9,1
150,1
69,1
68,1
29,1
150,1
32,1
150,1
24,1
65,1
40,1
119,1
38,1
119,1
36,1
68,1
42,1
119,1
129,1
68,1
123,1
36,1
128,1
122,1
71,1
71,1
142,1
142,1
142,1
119,1
108,1
150,1
58,1
59,1
23,1
152,1
69,1
63,1
65,1
129,1
66,1
150,1
129,1
128,1
136,1
71,1
72,1
11,1
66,1
127,1
124,1
122,1
125,1
69,1
127,1
126,1
136,1
103,1
138,1
139,1
139,1
141,1
142,1
143,1
150,1
150,1
149,1
150,1
124,1
129,1
150,1
101,1
126,1
147,1
112,1
149,1
119,1
101,1
108,1
126,1
150,1
47,1
112,1
113,1
143,1
149,1
111,1
104,1
118,1
119,1
120,1
87,1
75,1
87,1
77,1
78,1
79,1
80,1
95,1
86,1
83,1
84,1
85,1
87,1
87,1
88,1
75,1
90,1
98,1
92,1
93,1
94,1
84,1
96,1
97,1
98,1
77,1
131,1
132,1
97,1
134,1
135,1
146,1
86,1
2,1
2,1
67,1
21,1
5,1
6,1
29,1
48,1
9,1
10,1
11,1
11,1
144,1
14,1
15,1
16,1
65,1
18,1
19,1
20,1
32,1
22,1
23,1
67,1
10,1
70,1
27,1
48,1
29,1
29,1
31,1
32,1
111,1
2,1
35,1
67,1
15,1
24,1
70,1
67,1
36,1
37,1
43,1
44,1
25,1
138,1
47,1
8,1
54,1
54,1
53,1
151,1
53,1
53,1
55,1
10,1
18,1
103,1
59,1
60,1
60,1
68,1
63,1
150,1
65,1
147,1
27,1
63,1
108,1
71,1
72,1
99,1
50,1
151,1
123,1
122,1
144,1
126,1
127,1
136,1
152,1
140,1
138,1
137,1
138,1
139,1
140,1
141,1
129,1
129,1
128,1
143,1
144,1
35,1
140,1
63,1
151,1
99,1
100,1
101,1
101,1
103,1
55,1
113,1
106,1
107,1
129,1
129,1
108,1
109,1
55,1
111,1
112,1
113,1
106,1
116,1
67,1
113,1
2,1
119,1
120,1
129,1
126,1
86,1
75,1
76,1
130,1
87,1
79,1
80,1
85,1
81,1
81,1
84,1
94,1
90,1
146,1
75,1
94,1
90,1
91,1
92,1
84,1
94,1
89,1
83,1
89,1
89,1
130,1
96,1
132,1
92,1
92,1
135,1
146,1
90,1
16,1
150,1
103,1
3,1
4,1
5,1
46,1
7,1
28,1
10,1
10,1
31,1
23,1
150,1
16,1
22,1
12,1
17,1
18,1
31,1
7,1
61,1
46,1
60,1
36,1
127,1
140,1
10,1
10,1
59,1
24,1
2,1
56,1
28,1
24,1
35,1
31,1
150,1
36,1
129,1
31,1
125,1
42,1
43,1
34,1
45,1
123,1
47,1
28,1
54,1
59,1
52,1
141,1
153,1
151,1
106,1
1,1
28,1
59,1
22,1
46,1
22,1
20,1
63,1
11,1
5,1
7,1
23,1
127,1
16,1
2,1
11,1
8,1
12,1
6,1
124,1
128,1
128,1
22,1
126,1
127,1
129,1
11,1
137,1
22,1
143,1
42,1
141,1
54,1
11,1
28,1
127,1
38,1
36,1
151,1
22,1
46,1
106,1
8,1
59,1
55,1
19,1
106,1
107,1
127,1
127,1
123,1
143,1
112,1
2,1
42,1
5,1
0,1
2,1
129,1
112,1
113,1
0,1
35,1
27,1
29,1
4,1
3,1
46,1
3,1
27,1
48,1
25,1
12,1
12,1
13,1
14,1
16,1
16,1
3,1
145,1
19,1
20,1
3,1
60,1
23,1
108,1
28,1
108,1
27,1
18,1
29,1
3,1
2,1
28,1
18,1
47,1
8,1
47,1
2,1
108,1
26,1
2,1
36,1
42,1
138,1
150,1
8,1
46,1
47,1
8,1
50,1
50,1
9,1
51,1
138,1
49,1
73,1
57,1
100,1
107,1
59,1
60,1
61,1
138,1
63,1
3,1
5,1
66,1
65,1
36,1
71,1
129,1
138,1
72,1
73,1
3,1
71,1
122,1
118,1
150,1
126,1
127,1
108,1
31,1
36,1
108,1
150,1
108,1
61,1
136,1
129,1
58,1
18,1
103,1
71,1
140,1
139,1
151,1
152,1
72,1
69,1
41,1
1,1
2,1
49,1
50,1
57,1
6,1
7,1
8,1
10,1
10,1
11,1
12,1
13,1
14,1
16,1
16,1
149,1
18,1
19,1
20,1
55,1
22,1
23,1
36,1
25,1
26,1
27,1
28,1
29,1
30,1
41,1
32,1
8,1
144,1
32,1
62,1
67,1
36,1
115,1
115,1
38,1
42,1
43,1
44,1
150,1
141,1
47,1
8,1
4,1
50,1
49,1
129,1
53,1
54,1
73,1
56,1
57,1
103,1
59,1
60,1
61,1
125,1
121,1
30,1
125,1
152,1
67,1
36,1
69,1
36,1
71,1
72,1
73,1
121,1
123,1
123,1
123,1
125,1
137,1
57,1
136,1
140,1
137,1
43,1
139,1
149,1
122,1
142,1
143,1
14,1
152,1
147,1
17,1
36,1
151,1
152,1
150,1
60,1
73,1
32,1
101,1
139,1
147,1
104,1
105,1
106,1
107,1
108,1
109,1
55,1
111,1
112,1
113,1
106,1
115,1
115,1
117,1
118,1
112,1
120,1
87,1
75,1
85,1
86,1
87,1
97,1
80,1
85,1
82,1
83,1
84,1
85,1
86,1
87,1
88,1
89,1
90,1
91,1
92,1
93,1
94,1
84,1
80,1
89,1
98,1
95,1
86,1
132,1
133,1
134,1
135,1
97,1
84,1
31,1
1,1
37,1
24,1
4,1
5,1
6,1
7,1
8,1
10,1
25,1
11,1
12,1
13,1
14,1
15,1
16,1
17,1
144,1
19,1
20,1
1,1
22,1
23,1
45,1
1,1
26,1
10,1
28,1
71,1
30,1
31,1
32,1
33,1
150,1
14,1
36,1
26,1
38,1
39,1
41,1
36,1
48,1
72,1
10,1
25,1
69,1
125,1
45,1
52,1
10,1
28,1
48,1
53,1
54,1
99,1
21,1
32,1
103,1
59,1
60,1
60,1
71,1
63,1
36,1
71,1
152,1
69,1
71,1
71,1
68,1
71,1
72,1
73,1
4,1
122,1
123,1
46,1
36,1
126,1
32,1
129,1
136,1
137,1
138,1
139,1
43,1
61,1
142,1
143,1
63,1
35,1
147,1
149,1
100,1
151,1
59,1
153,1
54,1
120,1
32,1
101,1
102,1
106,1
105,1
120,1
106,1
107,1
102,1
47,1
110,1
55,1
101,1
113,1
114,1
117,1
117,1
118,1
19,1
119,1
113,1
93,1
148,1
76,1
95,1
77,1
130,1
93,1
84,1
96,1
78,1
84,1
85,1
86,1
148,1
88,1
89,1
90,1
96,1
92,1
93,1
94,1
95,1
131,1
97,1
98,1
133,1
148,1
98,1
88,1
134,1
77,1
89,1
98,1
