54,1
111,1
56,1
57,1
58,1
59,1
60,1
61,1
36,1
63,1
15,1
15,1
20,1
16,1
3,1
12,1
37,1
71,1
72,1
73,1
99,1
56,1
101,1
55,1
109,1
104,1
105,1
106,1
107,1
108,1
109,1
110,1
57,1
112,1
113,1
114,1
3,1
115,1
117,1
19,1
119,1
120,1
53,1
63,1
36,1
6,1
29,1
129,1
45,1
1,1
37,1
67,1
7,1
25,1
127,1
7,1
8,1
28,1
45,1
11,1
12,1
13,1
109,1
43,1
36,1
35,1
47,1
65,1
99,1
56,1
22,1
103,1
45,1
25,1
115,1
62,1
28,1
29,1
30,1
56,1
100,1
33,1
34,1
14,1
36,1
37,1
68,1
41,1
31,1
45,1
129,1
43,1
1,1
35,1
127,1
18,1
28,1
49,1
121,1
136,1
4,1
53,1
7,1
68,1
30,1
48,1
58,1
59,1
61,1
61,1
67,1
63,1
64,1
71,1
20,1
67,1
62,1
16,1
65,1
71,1
72,1
107,1
99,1
9,1
129,1
102,1
103,1
104,1
105,1
107,1
107,1
108,1
103,1
55,1
30,1
112,1
113,1
114,1
41,1
3,1
21,1
43,1
119,1
120,1
63,1
123,1
124,1
62,1
126,1
30,1
129,1
136,1
137,1
138,1
139,1
113,1
141,1
138,1
114,1
47,1
109,1
100,1
150,1
136,1
32,1
1,1
15,1
3,1
6,1
17,1
6,1
7,1
8,1
8,1
8,1
11,1
56,1
13,1
14,1
16,1
36,1
31,1
18,1
37,1
20,1
21,1
22,1
100,1
24,1
28,1
115,1
0,1
48,1
16,1
30,1
3,1
44,1
111,1
21,1
13,1
24,1
24,1
0,1
40,1
41,1
115,1
42,1
40,1
44,1
30,1
46,1
18,1
9,1
49,1
66,1
4,1
29,1
53,1
54,1
110,1
56,1
57,1
58,1
59,1
60,1
124,1
1,1
63,1
31,1
65,1
22,1
16,1
62,1
56,1
16,1
121,1
72,1
73,1
99,1
32,1
101,1
112,1
109,1
104,1
113,1
106,1
107,1
112,1
103,1
110,1
18,1
112,1
113,1
143,1
115,1
116,1
37,1
65,1
119,1
120,1
49,1
46,1
124,1
24,1
140,1
46,1
72,1
7,1
126,1
5,1
20,1
140,1
46,1
142,1
110,1
13,1
13,1
26,1
35,1
140,1
74,1
75,1
76,1
130,1
78,1
93,1
80,1
146,1
82,1
80,1
91,1
95,1
78,1
146,1
88,1
133,1
90,1
132,1
92,1
93,1
94,1
130,1
96,1
97,1
98,1
95,1
93,1
77,1
133,1
134,1
135,1
130,1
87,1
31,1
70,1
37,1
30,1
4,1
5,1
4,1
68,1
8,1
10,1
10,1
11,1
12,1
14,1
14,1
16,1
16,1
32,1
42,1
19,1
20,1
21,1
61,1
23,1
24,1
25,1
99,1
27,1
28,1
49,1
30,1
2,1
9,1
33,1
31,1
16,1
36,1
37,1
40,1
39,1
0,1
26,1
42,1
31,1
44,1
62,1
127,1
47,1
48,1
51,1
49,1
14,1
51,1
53,1
49,1
55,1
1,1
8,1
58,1
59,1
61,1
61,1
62,1
63,1
43,1
67,1
20,1
70,1
68,1
65,1
70,1
71,1
38,1
73,1
99,1
1,1
101,1
102,1
58,1
104,1
105,1
110,1
107,1
108,1
109,1
55,1
111,1
112,1
43,1
114,1
3,1
115,1
30,1
19,1
119,1
120,1
63,1
124,1
123,1
122,1
36,1
101,1
127,1
129,1
137,1
136,1
66,1
139,1
140,1
141,1
142,1
114,1
15,1
14,1
26,1
28,1
151,1
63,1
1,1
47,1
21,1
4,1
7,1
46,1
7,1
8,1
10,1
9,1
11,1
12,1
47,1
14,1
0,1
16,1
149,1
18,1
72,1
61,1
21,1
22,1
22,1
24,1
23,1
127,1
23,1
8,1
54,1
30,1
0,1
25,1
33,1
23,1
16,1
41,1
21,1
40,1
24,1
24,1
38,1
126,1
118,1
23,1
32,1
46,1
23,1
32,1
6,1
29,1
32,1
52,1
68,1
53,1
32,1
33,1
32,1
143,1
59,1
61,1
61,1
65,1
71,1
36,1
65,1
66,1
0,1
68,1
0,1
24,1
71,1
141,1
55,1
99,1
53,1
101,1
47,1
23,1
104,1
69,1
106,1
107,1
108,1
109,1
101,1
101,1
112,1
113,1
114,1
115,1
26,1
3,1
118,1
104,1
120,1
49,1
46,1
46,1
24,1
127,1
122,1
129,1
86,1
75,1
87,1
77,1
131,1
130,1
80,1
89,1
82,1
80,1
84,1
85,1
90,1
87,1
88,1
89,1
90,1
91,1
92,1
95,1
92,1
95,1
96,1
97,1
98,1
130,1
93,1
132,1
133,1
134,1
135,1
146,1
148,1
35,1
1,1
2,1
62,1
54,1
3,1
62,1
30,1
27,1
9,1
145,1
111,1
12,1
34,1
35,1
15,1
3,1
49,1
34,1
129,1
30,1
3,1
20,1
121,1
1,1
25,1
116,1
30,1
25,1
29,1
30,1
3,1
57,1
154,1
144,1
1,1
65,1
15,1
3,1
70,1
67,1
42,1
65,1
0,1
1,1
20,1
52,1
63,1
27,1
29,1
50,1
3,1
3,1
54,1
50,1
55,1
55,1
3,1
66,1
20,1
60,1
67,1
3,1
62,1
68,1
15,1
65,1
62,1
62,1
62,1
52,1
52,1
15,1
30,1
30,1
101,1
144,1
5,1
73,1
73,1
106,1
107,1
108,1
103,1
73,1
111,1
112,1
101,1
114,1
65,1
26,1
2,1
73,1
119,1
73,1
51,1
124,1
34,1
149,1
66,1
127,1
129,1
15,1
141,1
142,1
114,1
47,1
145,1
30,1
144,1
70,1
67,1
1,1
67,1
30,1
29,1
149,1
6,1
7,1
57,1
9,1
25,1
11,1
11,1
13,1
28,1
55,1
16,1
64,1
30,1
72,1
61,1
3,1
141,1
23,1
24,1
25,1
26,1
27,1
18,1
63,1
30,1
31,1
25,1
33,1
34,1
108,1
24,1
2,1
38,1
39,1
40,1
41,1
111,1
118,1
44,1
27,1
46,1
18,1
48,1
51,1
50,1
50,1
29,1
142,1
4,1
55,1
56,1
99,1
58,1
59,1
60,1
61,1
67,1
63,1
30,1
65,1
66,1
64,1
67,1
69,1
37,1
71,1
108,1
55,1
99,1
100,1
101,1
102,1
103,1
104,1
105,1
106,1
107,1
108,1
58,1
55,1
111,1
112,1
113,1
114,1
104,1
116,1
115,1
118,1
119,1
120,1
136,1
53,1
122,1
24,1
126,1
127,1
105,1
121,1
136,1
138,1
139,1
140,1
124,1
71,1
143,1
47,1
16,1
26,1
41,1
29,1
41,1
1,1
37,1
21,1
124,1
1,1
6,1
7,1
8,1
8,1
10,1
11,1
12,1
13,1
13,1
15,1
16,1
5,1
25,1
69,1
20,1
21,1
21,1
32,1
24,1
25,1
115,1
27,1
28,1
63,1
30,1
68,1
25,1
28,1
34,1
35,1
41,1
37,1
0,1
37,1
116,1
36,1
42,1
72,1
48,1
64,1
127,1
47,1
9,1
6,1
50,1
49,1
4,1
53,1
7,1
47,1
108,1
25,1
58,1
22,1
59,1
60,1
68,1
41,1
64,1
62,1
66,1
65,1
68,1
108,1
65,1
71,1
5,1
55,1
99,1
104,1
101,1
56,1
23,1
104,1
105,1
106,1
107,1
108,1
109,1
110,1
111,1
108,1
113,1
114,1
30,1
115,1
69,1
21,1
112,1
120,1
4,1
122,1
122,1
37,1
126,1
127,1
129,1
46,1
151,1
113,1
101,1
117,1
60,1
137,1
114,1
144,1
33,1
149,1
118,1
151,1
2,1
28,1
18,1
30,1
29,1
125,1
6,1
7,1
9,1
10,1
68,1
11,1
11,1
144,1
63,1
18,1
16,1
140,1
102,1
113,1
61,1
60,1
22,1
36,1
9,1
37,1
27,1
8,1
54,1
1,1
43,1
8,1
33,1
145,1
35,1
62,1
144,1
21,1
39,1
43,1
72,1
5,1
24,1
105,1
28,1
45,1
47,1
27,1
4,1
50,1
4,1
54,1
54,1
54,1
110,1
56,1
57,1
58,1
58,1
60,1
54,1
3,1
63,1
3,1
5,1
22,1
67,1
34,1
69,1
13,1
50,1
72,1
101,1
73,1
33,1
101,1
102,1
108,1
104,1
105,1
106,1
107,1
112,1
103,1
110,1
110,1
112,1
120,1
114,1
17,1
149,1
117,1
21,1
119,1
120,1
121,1
7,1
143,1
122,1
9,1
103,1
6,1
128,1
151,1
126,1
151,1
23,1
72,1
58,1
47,1
143,1
144,1
60,1
149,1
69,1
23,1
91,1
87,1
74,1
77,1
78,1
79,1
80,1
77,1
82,1
83,1
86,1
81,1
87,1
74,1
88,1
89,1
98,1
132,1
92,1
87,1
95,1
95,1
96,1
97,1
98,1
130,1
93,1
74,1
74,1
134,1
135,1
130,1
76,1
0,1
44,1
18,1
66,1
128,1
36,1
6,1
7,1
48,1
10,1
9,1
11,1
11,1
18,1
14,1
15,1
16,1
5,1
150,1
129,1
20,1
3,1
61,1
152,1
69,1
57,1
55,1
34,1
8,1
7,1
117,1
36,1
14,1
35,1
47,1
1,1
65,1
15,1
5,1
15,1
5,1
13,1
42,1
15,1
44,1
45,1
6,1
36,1
57,1
49,1
49,1
4,1
52,1
51,1
122,1
143,1
56,1
57,1
58,1
59,1
21,1
63,1
125,1
29,1
34,1
29,1
66,1
67,1
65,1
11,1
153,1
29,1
105,1
73,1
58,1
9,1
101,1
102,1
58,1
104,1
105,1
114,1
107,1
19,1
58,1
143,1
111,1
112,1
120,1
114,1
26,1
26,1
117,1
72,1
119,1
120,1
29,1
122,1
123,1
123,1
64,1
126,1
66,1
137,1
126,1
151,1
137,1
126,1
66,1
140,1
137,1
142,1
143,1
47,1
14,1
115,1
33,1
54,1
99,1
9,1
107,1
102,1
103,1
104,1
105,1
106,1
107,1
108,1
58,1
110,1
111,1
119,1
113,1
114,1
116,1
26,1
117,1
2,1
119,1
120,1
74,1
75,1
76,1
93,1
130,1
79,1
82,1
81,1
82,1
83,1
95,1
85,1
74,1
131,1
88,1
89,1
90,1
91,1
92,1
93,1
94,1
77,1
96,1
97,1
98,1
93,1
132,1
133,1
134,1
135,1
146,1
74,1
2,1
44,1
37,1
65,1
50,1
67,1
4,1
7,1
8,1
25,1
10,1
11,1
69,1
144,1
13,1
144,1
16,1
113,1
13,1
41,1
20,1
21,1
59,1
7,1
36,1
68,1
26,1
27,1
8,1
29,1
30,1
31,1
32,1
47,1
144,1
2,1
24,1
117,1
43,1
39,1
43,1
36,1
42,1
24,1
9,1
108,1
46,1
47,1
28,1
29,1
50,1
121,1
151,1
53,1
52,1
55,1
70,1
25,1
58,1
24,1
59,1
20,1
62,1
47,1
15,1
63,1
20,1
44,1
24,1
19,1
69,1
71,1
72,1
73,1
76,1
75,1
77,1
79,1
96,1
81,1
80,1
83,1
85,1
85,1
86,1
86,1
88,1
89,1
98,1
91,1
134,1
81,1
94,1
85,1
96,1
97,1
77,1
99,1
100,1
101,1
109,1
58,1
104,1
19,1
143,1
107,1
45,1
109,1
117,1
111,1
112,1
113,1
114,1
37,1
41,1
117,1
43,1
119,1
120,1
3,1
128,1
122,1
128,1
24,1
126,1
10,1
26,1
91,1
78,1
78,1
133,1
134,1
135,1
128,1
151,1
136,1
101,1
140,1
141,1
150,1
106,1
47,1
47,1
146,1
148,1
140,1
150,1
136,1
106,1
16,1
9,1
16,1
121,1
50,1
5,1
6,1
7,1
28,1
9,1
45,1
11,1
12,1
13,1
14,1
15,1
16,1
17,1
13,1
149,1
20,1
1,1
56,1
3,1
56,1
10,1
31,1
27,1
13,1
29,1
30,1
0,1
32,1
47,1
1,1
34,1
36,1
15,1
36,1
0,1
36,1
41,1
42,1
36,1
14,1
45,1
6,1
36,1
48,1
50,1
50,1
51,1
51,1
51,1
54,1
55,1
56,1
57,1
58,1
21,1
20,1
20,1
62,1
63,1
37,1
65,1
20,1
16,1
36,1
19,1
37,1
71,1
32,1
73,1
107,1
100,1
101,1
14,1
103,1
106,1
105,1
106,1
107,1
41,1
109,1
110,1
139,1
112,1
113,1
114,1
115,1
149,1
117,1
41,1
119,1
120,1
30,1
122,1
124,1
122,1
64,1
126,1
127,1
29,1
149,1
136,1
69,1
5,1
139,1
139,1
60,1
142,1
99,1
144,1
16,1
149,1
24,1
151,1
76,1
75,1
76,1
77,1
132,1
79,1
80,1
82,1
80,1
83,1
85,1
88,1
76,1
87,1
88,1
89,1
90,1
87,1
92,1
93,1
94,1
77,1
148,1
97,1
98,1
130,1
87,1
87,1
133,1
130,1
135,1
146,1
148,1
16,1
45,1
67,1
142,1
4,1
42,1
6,1
7,1
18,1
35,1
45,1
11,1
12,1
18,1
145,1
18,1
16,1
17,1
18,1
19,1
66,1
21,1
22,1
23,1
118,1
56,1
116,1
43,1
47,1
29,1
30,1
38,1
8,1
57,1
24,1
69,1
24,1
37,1
44,1
116,1
43,1
2,1
42,1
24,1
51,1
45,1
123,1
47,1
10,1
52,1
50,1
54,1
52,1
151,1
54,1
55,1
72,1
57,1
58,1
59,1
60,1
61,1
30,1
63,1
31,1
65,1
66,1
30,1
24,1
42,1
69,1
20,1
67,1
73,1
99,1
100,1
102,1
102,1
103,1
12,1
120,1
106,1
107,1
70,1
69,1
73,1
99,1
108,1
19,1
143,1
117,1
116,1
2,1
72,1
119,1
120,1
121,1
123,1
124,1
124,1
24,1
126,1
127,1
151,1
68,1
138,1
151,1
138,1
139,1
149,1
141,1
142,1
143,1
144,1
67,1
149,1
150,1
151,1
76,1
75,1
76,1
77,1
78,1
79,1
80,1
77,1
85,1
131,1
76,1
85,1
87,1
87,1
88,1
89,1
90,1
91,1
92,1
78,1
89,1
95,1
80,1
97,1
98,1
130,1
78,1
132,1
133,1
134,1
135,1
146,1
148,1
140,1
150,1
3,1
121,1
54,1
139,1
46,1
7,1
8,1
28,1
44,1
11,1
12,1
18,1
59,1
18,1
73,1
17,1
18,1
31,1
20,1
20,1
61,1
22,1
19,1
21,1
116,1
32,1
8,1
71,1
50,1
39,1
57,1
55,1
150,1
35,1
31,1
69,1
31,1
39,1
31,1
31,1
42,1
118,1
21,1
45,1
46,1
24,1
8,1
65,1
29,1
12,1
28,1
54,1
7,1
33,1
56,1
150,1
58,1
59,1
20,1
61,1
65,1
63,1
31,1
65,1
66,1
45,1
59,1
11,1
67,1
69,1
113,1
110,1
113,1
57,1
101,1
102,1
103,1
150,1
120,1
139,1
107,1
42,1
102,1
110,1
111,1
112,1
19,1
55,1
118,1
116,1
117,1
19,1
119,1
120,1
5,1
141,1
123,1
6,1
5,1
126,1
46,1
126,1
39,1
126,1
137,1
138,1
139,1
149,1
123,1
46,1
143,1
13,1
145,1
137,1
150,1
123,1
74,1
75,1
76,1
77,1
78,1
79,1
96,1
81,1
76,1
98,1
85,1
86,1
78,1
78,1
88,1
94,1
90,1
91,1
92,1
131,1
94,1
95,1
80,1
97,1
98,1
77,1
78,1
132,1
133,1
134,1
135,1
146,1
148,1
30,1
10,1
108,1
24,1
4,1
21,1
66,1
7,1
28,1
9,1
10,1
11,1
12,1
13,1
14,1
15,1
16,1
17,1
45,1
37,1
20,1
21,1
66,1
7,1
24,1
9,1
10,1
30,1
9,1
71,1
30,1
31,1
25,1
44,1
34,1
35,1
36,1
37,1
2,1
2,1
27,1
24,1
42,1
24,1
15,1
45,1
46,1
47,1
48,1
4,1
50,1
50,1
150,1
52,1
54,1
55,1
56,1
102,1
109,1
59,1
20,1
60,1
67,1
3,1
64,1
47,1
66,1
67,1
68,1
56,1
67,1
71,1
44,1
73,1
9,1
108,1
101,1
102,1
103,1
104,1
105,1
106,1
107,1
108,1
109,1
110,1
111,1
112,1
113,1
114,1
115,1
68,1
117,1
43,1
119,1
120,1
103,1
122,1
124,1
122,1
45,1
102,1
127,1
151,1
129,1
137,1
150,1
138,1
33,1
140,1
141,1
126,1
143,1
144,1
35,1
5,1
150,1
138,1
131,1
75,1
78,1
130,1
132,1
79,1
85,1
81,1
131,1
83,1
84,1
84,1
87,1
78,1
88,1
94,1
96,1
91,1
92,1
93,1
97,1
95,1
96,1
131,1
98,1
130,1
93,1
132,1
133,1
93,1
135,1
146,1
148,1
36,1
44,1
2,1
45,1
4,1
67,1
141,1
7,1
8,1
8,1
10,1
11,1
12,1
13,1
14,1
15,1
44,1
121,1
47,1
19,1
20,1
21,1
141,1
22,1
45,1
25,1
39,1
1,1
8,1
71,1
30,1
31,1
32,1
33,1
45,1
34,1
36,1
2,1
38,1
9,1
36,1
26,1
42,1
24,1
36,1
45,1
46,1
45,1
57,1
6,1
50,1
4,1
52,1
46,1
54,1
110,1
25,1
69,1
58,1
59,1
20,1
60,1
47,1
63,1
64,1
57,1
66,1
67,1
68,1
69,1
67,1
29,1
72,1
73,1
99,1
32,1
101,1
102,1
109,1
104,1
105,1
106,1
107,1
108,1
58,1
111,1
111,1
112,1
113,1
114,1
26,1
26,1
2,1
118,1
119,1
120,1
50,1
122,1
123,1
46,1
125,1
101,1
127,1
53,1
129,1
126,1
138,1
59,1
149,1
126,1
141,1
142,1
143,1
34,1
35,1
140,1
45,1
141,1
78,1
78,1
76,1
77,1
78,1
10,1
96,1
93,1
96,1
83,1
95,1
81,1
132,1
78,1
88,1
84,1
80,1
91,1
92,1
93,1
94,1
130,1
96,1
146,1
98,1
93,1
93,1
91,1
133,1
134,1
135,1
146,1
87,1
125,1
10,1
67,1
32,1
4,1
5,1
6,1
7,1
8,1
25,1
25,1
11,1
11,1
66,1
14,1
13,1
16,1
28,1
33,1
19,1
20,1
29,1
22,1
23,1
118,1
10,1
32,1
60,1
10,1
29,1
30,1
31,1
32,1
33,1
63,1
1,1
62,1
0,1
21,1
39,1
36,1
1,1
42,1
24,1
9,1
68,1
46,1
47,1
9,1
128,1
50,1
29,1
60,1
59,1
54,1
55,1
32,1
3,1
58,1
59,1
60,1
66,1
65,1
63,1
64,1
62,1
121,1
24,1
25,1
2,1
64,1
65,1
118,1
106,1
107,1
32,1
101,1
47,1
103,1
99,1
105,1
106,1
107,1
43,1
47,1
73,1
111,1
112,1
113,1
143,1
2,1
38,1
39,1
0,1
119,1
99,1
52,1
54,1
122,1
66,1
62,1
126,1
127,1
49,1
129,1
136,1
151,1
138,1
139,1
2,1
46,1
5,1
143,1
13,1
35,1
149,1
20,1
151,1
0,1
14,1
31,1
3,1
4,1
17,1
6,1
4,1
8,1
14,1
24,1
11,1
12,1
13,1
44,1
15,1
16,1
5,1
18,1
19,1
66,1
21,1
60,1
66,1
24,1
60,1
150,1
52,1
28,1
29,1
30,1
0,1
25,1
127,1
18,1
145,1
115,1
70,1
150,1
39,1
24,1
31,1
42,1
40,1
27,1
24,1
141,1
47,1
57,1
49,1
50,1
52,1
50,1
51,1
54,1
55,1
21,1
57,1
58,1
59,1
66,1
60,1
40,1
63,1
64,1
50,1
66,1
36,1
68,1
69,1
70,1
71,1
72,1
110,1
73,1
32,1
101,1
102,1
109,1
104,1
105,1
106,1
107,1
108,1
109,1
55,1
10,1
112,1
113,1
143,1
115,1
24,1
117,1
118,1
119,1
120,1
127,1
122,1
4,1
124,1
41,1
126,1
127,1
138,1
105,1
122,1
136,1
138,1
139,1
61,1
123,1
45,1
143,1
47,1
145,1
149,1
41,1
122,1
76,1
75,1
75,1
77,1
78,1
97,1
96,1
81,1
74,1
83,1
84,1
82,1
86,1
78,1
88,1
89,1
90,1
91,1
92,1
93,1
94,1
90,1
82,1
97,1
98,1
130,1
93,1
74,1
133,1
94,1
135,1
146,1
148,1
87,1
84,1
80,1
77,1
78,1
79,1
80,1
81,1
80,1
132,1
97,1
80,1
76,1
93,1
88,1
89,1
90,1
91,1
92,1
93,1
94,1
95,1
80,1
97,1
132,1
97,1
93,1
90,1
133,1
94,1
135,1
146,1
148,1
0,1
25,1
67,1
3,1
4,1
3,1
49,1
7,1
48,1
9,1
27,1
11,1
12,1
34,1
13,1
13,1
16,1
100,1
18,1
19,1
20,1
21,1
22,1
23,1
45,1
25,1
39,1
10,1
28,1
4,1
30,1
31,1
3,1
8,1
3,1
1,1
36,1
2,1
38,1
39,1
36,1
36,1
42,1
43,1
44,1
25,1
124,1
32,1
48,1
52,1
29,1
71,1
50,1
53,1
54,1
55,1
63,1
3,1
58,1
59,1
60,1
61,1
36,1
62,1
40,1
151,1
142,1
24,1
24,1
2,1
144,1
122,1
72,1
73,1
99,1
100,1
102,1
102,1
103,1
104,1
105,1
106,1
107,1
38,1
109,1
110,1
111,1
112,1
113,1
114,1
26,1
40,1
117,1
118,1
119,1
120,1
50,1
124,1
123,1
124,1
36,1
42,1
127,1
122,1
118,1
136,1
54,1
136,1
139,1
140,1
141,1
126,1
143,1
18,1
145,1
140,1
24,1
52,1
76,1
75,1
76,1
77,1
78,1
148,1
82,1
81,1
82,1
82,1
82,1
82,1
74,1
87,1
88,1
90,1
91,1
92,1
93,1
94,1
95,1
95,1
97,1
90,1
93,1
78,1
132,1
133,1
134,1
135,1
146,1
148,1
40,1
45,1
144,1
121,1
4,1
73,1
6,1
7,1
57,1
10,1
10,1
11,1
11,1
13,1
14,1
64,1
16,1
145,1
18,1
19,1
117,1
25,1
20,1
20,1
125,1
27,1
5,1
27,1
47,1
71,1
45,1
62,1
5,1
18,1
64,1
44,1
144,1
144,1
125,1
125,1
125,1
125,1
42,1
36,1
24,1
45,1
127,1
47,1
57,1
3,1
4,1
32,1
52,1
9,1
54,1
18,1
9,1
45,1
103,1
59,1
30,1
61,1
14,1
43,1
125,1
14,1
66,1
64,1
47,1
11,1
47,1
138,1
150,1
154,1
69,1
137,1
123,1
127,1
34,1
126,1
127,1
29,1
129,1
7,1
124,1
129,1
139,1
140,1
141,1
142,1
143,1
70,1
44,1
140,1
150,1
122,1
150,1
1,1
70,1
27,1
4,1
125,1
6,1
7,1
57,1
25,1
25,1
12,1
12,1
139,1
14,1
18,1
139,1
20,1
145,1
73,1
17,1
17,1
22,1
23,1
69,1
39,1
154,1
26,1
108,1
50,1
14,1
150,1
32,1
47,1
45,1
14,1
41,1
3,1
24,1
116,1
118,1
115,1
42,1
38,1
35,1
45,1
123,1
47,1
48,1
50,1
7,1
3,1
7,1
127,1
54,1
55,1
72,1
25,1
103,1
59,1
60,1
61,1
39,1
65,1
31,1
15,1
20,1
64,1
72,1
69,1
72,1
69,1
72,1
73,1
7,1
137,1
123,1
123,1
27,1
126,1
127,1
71,1
129,1
141,1
137,1
138,1
103,1
140,1
141,1
142,1
143,1
150,1
145,1
140,1
150,1
138,1
149,1
32,1
101,1
102,1
103,1
26,1
120,1
113,1
107,1
108,1
109,1
73,1
111,1
112,1
101,1
140,1
11,1
11,1
55,1
118,1
112,1
113,1
90,1
75,1
93,1
77,1
131,1
79,1
80,1
81,1
82,1
83,1
85,1
85,1
83,1
83,1
88,1
88,1
90,1
91,1
92,1
93,1
94,1
95,1
96,1
97,1
80,1
130,1
131,1
132,1
133,1
134,1
135,1
146,1
98,1
1,1
51,1
45,1
141,1
123,1
141,1
22,1
66,1
51,1
46,1
51,1
11,1
12,1
14,1
14,1
145,1
17,1
61,1
14,1
118,1
20,1
56,1
22,1
23,1
68,1
32,1
22,1
141,1
28,1
29,1
30,1
72,1
56,1
33,1
1,1
52,1
62,1
37,1
68,1
31,1
62,1
36,1
42,1
43,1
1,1
1,1
124,1
34,1
28,1
50,1
50,1
116,1
68,1
53,1
54,1
55,1
32,1
47,1
58,1
59,1
20,1
20,1
38,1
3,1
5,1
65,1
66,1
65,1
68,1
112,1
69,1
71,1
129,1
63,1
43,1
124,1
123,1
53,1
45,1
126,1
127,1
127,1
126,1
136,1
137,1
138,1
139,1
149,1
141,1
142,1
143,1
144,1
145,1
140,1
150,1
53,1
99,1
100,1
101,1
102,1
103,1
104,1
105,1
106,1
107,1
108,1
109,1
73,1
111,1
104,1
105,1
114,1
115,1
115,1
140,1
118,1
112,1
113,1
76,1
88,1
76,1
77,1
78,1
79,1
90,1
88,1
74,1
148,1
84,1
94,1
98,1
86,1
88,1
89,1
90,1
91,1
92,1
132,1
94,1
95,1
82,1
89,1
98,1
130,1
93,1
87,1
76,1
134,1
135,1
146,1
148,1
36,1
1,1
144,1
6,1
49,1
125,1
6,1
7,1
8,1
32,1
46,1
11,1
12,1
14,1
14,1
13,1
14,1
3,1
18,1
72,1
20,1
21,1
22,1
23,1
36,1
30,1
115,1
127,1
28,1
29,1
30,1
15,1
32,1
28,1
34,1
5,1
36,1
34,1
35,1
39,1
62,1
36,1
42,1
118,1
10,1
44,1
54,1
1,1
25,1
50,1
50,1
4,1
7,1
141,1
54,1
110,1
56,1
57,1
58,1
59,1
20,1
61,1
62,1
121,1
36,1
65,1
142,1
67,1
68,1
12,1
31,1
71,1
22,1
73,1
121,1
122,1
123,1
53,1
46,1
126,1
125,1
127,1
129,1
136,1
137,1
72,1
139,1
149,1
46,1
71,1
143,1
144,1
35,1
149,1
150,1
53,1
73,1
100,1
101,1
102,1
103,1
104,1
105,1
106,1
107,1
108,1
109,1
110,1
111,1
104,1
113,1
114,1
116,1
116,1
117,1
118,1
119,1
120,1
86,1
75,1
76,1
77,1
78,1
79,1
82,1
75,1
97,1
80,1
84,1
88,1
131,1
131,1
88,1
89,1
90,1
90,1
92,1
93,1
94,1
77,1
96,1
97,1
98,1
130,1
131,1
132,1
133,1
134,1
135,1
88,1
81,1
141,1
57,1
59,1
69,1
109,1
102,1
109,1
118,1
11,1
11,1
114,1
79,1
57,1
32,1
109,1
99,1
102,1
102,1
115,1
129,1
143,1
99,1
102,1
102,1
118,1
57,1
113,1
144,1
150,1
57,1
32,1
18,1
48,1
64,1
142,1
118,1
102,1
95,1
100,1
119,1
102,1
99,1
99,1
11,1
105,1
100,1
121,1
95,1
57,1
114,1
57,1
15,1
7,1
124,1
109,1
45,1
99,1
19,1
61,1
102,1
42,1
57,1
39,1
32,1
109,1
99,1
18,1
109,1
11,1
149,1
105,1
63,1
40,1
118,1
99,1
12,1
123,1
14,1
61,1
99,1
56,1
124,1
126,1
123,1
133,1
13,1
46,1
132,1
69,1
138,1
114,1
29,1
140,1
41,1
140,1
14,1
112,1
113,1
147,1
4,1
11,1
149,1
112,1
99,1
105,1
111,1
102,1
113,1
17,1
11,1
12,1
127,1
69,1
71,1
99,1
48,1
140,1
29,1
78,1
89,1
93,1
79,1
148,1
88,1
89,1
82,1
95,1
83,1
85,1
131,1
98,1
97,1
81,1
69,1
131,1
91,1
81,1
91,1
87,1
74,1
92,1
81,1
92,1
95,1
83,1
91,1
4,1
89,1
132,1
81,1
90,1
24,1
1,1
2,1
20,1
50,1
21,1
6,1
7,1
28,1
9,1
10,1
11,1
11,1
13,1
14,1
15,1
16,1
2,1
13,1
19,1
21,1
21,1
22,1
23,1
45,1
32,1
115,1
27,1
63,1
53,1
30,1
31,1
68,1
18,1
65,1
35,1
36,1
118,1
68,1
39,1
36,1
62,1
42,1
65,1
45,1
43,1
127,1
47,1
27,1
54,1
124,1
122,1
127,1
46,1
49,1
55,1
10,1
57,1
58,1
59,1
60,1
61,1
32,1
63,1
3,1
14,1
20,1
62,1
24,1
2,1
24,1
63,1
68,1
73,1
3,1
122,1
124,1
99,1
100,1
101,1
109,1
103,1
56,1
0,1
26,1
6,1
33,1
129,1
3,1
136,1
138,1
32,1
140,1
53,1
28,1
106,1
144,1
14,1
149,1
35,1
21,1
107,1
105,1
123,1
107,1
65,1
103,1
29,1
111,1
119,1
29,1
111,1
104,1
25,1
26,1
62,1
9,1
99,1
86,1
75,1
77,1
90,1
78,1
84,1
131,1
78,1
80,1
83,1
95,1
85,1
95,1
77,1
75,1
89,1
90,1
95,1
92,1
95,1
83,1
95,1
83,1
87,1
77,1
130,1
84,1
132,1
133,1
134,1
135,1
146,1
80,1
62,1
35,1
16,1
3,1
124,1
30,1
124,1
7,1
32,1
20,1
45,1
11,1
101,1
13,1
32,1
35,1
41,1
41,1
18,1
19,1
29,1
21,1
22,1
136,1
36,1
25,1
3,1
27,1
32,1
29,1
21,1
2,1
32,1
8,1
38,1
44,1
62,1
2,1
45,1
45,1
0,1
36,1
13,1
64,1
71,1
29,1
122,1
47,1
100,1
29,1
49,1
3,1
29,1
53,1
6,1
67,1
56,1
25,1
103,1
23,1
60,1
49,1
67,1
29,1
62,1
29,1
23,1
67,1
27,1
65,1
1,1
71,1
117,1
73,1
61,1
53,1
124,1
122,1
67,1
52,1
127,1
112,1
137,1
122,1
29,1
58,1
149,1
53,1
51,1
114,1
47,1
14,1
59,1
57,1
4,1
111,1
71,1
58,1
102,1
3,1
73,1
55,1
73,1
107,1
108,1
108,1
103,1
48,1
112,1
113,1
106,1
116,1
29,1
16,1
118,1
119,1
119,1
85,1
84,1
84,1
77,1
81,1
79,1
148,1
94,1
82,1
75,1
75,1
85,1
83,1
86,1
89,1
89,1
134,1
93,1
92,1
93,1
97,1
74,1
82,1
134,1
83,1
79,1
74,1
86,1
134,1
134,1
135,1
146,1
134,1
0,1
1,1
37,1
21,1
50,1
17,1
6,1
7,1
8,1
9,1
142,1
11,1
12,1
13,1
0,1
15,1
16,1
5,1
47,1
19,1
66,1
21,1
22,1
23,1
125,1
25,1
27,1
27,1
48,1
71,1
30,1
37,1
32,1
33,1
47,1
145,1
62,1
0,1
112,1
39,1
0,1
26,1
16,1
108,1
5,1
3,1
46,1
47,1
44,1
49,1
4,1
44,1
52,1
53,1
54,1
117,1
56,1
57,1
58,1
59,1
60,1
151,1
0,1
30,1
0,1
65,1
66,1
70,1
68,1
70,1
37,1
71,1
126,1
47,1
73,1
121,1
122,1
123,1
122,1
68,1
126,1
127,1
129,1
151,1
142,1
43,1
139,1
43,1
46,1
142,1
114,1
145,1
145,1
149,1
36,1
53,1
18,1
100,1
101,1
72,1
103,1
108,1
105,1
106,1
107,1
108,1
109,1
106,1
110,1
112,1
19,1
114,1
108,1
115,1
24,1
24,1
119,1
120,1
74,1
84,1
76,1
77,1
78,1
79,1
80,1
81,1
86,1
83,1
85,1
80,1
74,1
87,1
88,1
89,1
74,1
91,1
92,1
93,1
94,1
95,1
96,1
97,1
146,1
93,1
132,1
133,1
134,1
135,1
146,1
148,1
142,1
74,1
75,1
76,1
74,1
85,1
79,1
80,1
95,1
82,1
83,1
84,1
84,1
90,1
131,1
88,1
134,1
90,1
91,1
92,1
93,1
89,1
91,1
96,1
97,1
98,1
130,1
93,1
132,1
133,1
134,1
135,1
97,1
86,1
18,1
44,1
37,1
63,1
52,1
124,1
66,1
28,1
72,1
11,1
12,1
129,1
109,1
15,1
149,1
129,1
40,1
114,1
66,1
129,1
22,1
23,1
64,1
10,1
69,1
27,1
72,1
29,1
69,1
23,1
18,1
0,1
65,1
40,1
111,1
40,1
26,1
40,1
36,1
42,1
129,1
129,1
45,1
46,1
40,1
72,1
66,1
50,1
71,1
142,1
142,1
128,1
26,1
56,1
57,1
58,1
59,1
136,1
61,1
129,1
69,1
64,1
62,1
66,1
0,1
72,1
57,1
69,1
69,1
72,1
12,1
66,1
127,1
124,1
46,1
0,1
108,1
127,1
126,1
53,1
103,1
138,1
139,1
140,1
141,1
138,1
143,1
2,1
0,1
59,1
150,1
3,1
26,1
150,1
101,1
102,1
12,1
104,1
129,1
114,1
101,1
108,1
72,1
111,1
47,1
112,1
120,1
114,1
149,1
111,1
111,1
118,1
119,1
114,1
74,1
85,1
76,1
77,1
78,1
79,1
80,1
81,1
86,1
80,1
80,1
85,1
78,1
87,1
88,1
89,1
90,1
132,1
92,1
131,1
94,1
85,1
96,1
97,1
91,1
146,1
131,1
132,1
133,1
134,1
135,1
146,1
87,1
0,1
1,1
70,1
30,1
5,1
6,1
29,1
48,1
9,1
9,1
11,1
11,1
63,1
14,1
15,1
16,1
149,1
18,1
19,1
68,1
3,1
23,1
23,1
67,1
10,1
70,1
27,1
48,1
29,1
30,1
2,1
32,1
111,1
2,1
35,1
67,1
15,1
70,1
70,1
31,1
37,1
72,1
2,1
44,1
25,1
127,1
47,1
8,1
4,1
54,1
53,1
53,1
53,1
54,1
55,1
45,1
25,1
58,1
59,1
60,1
61,1
3,1
63,1
72,1
65,1
147,1
67,1
63,1
70,1
71,1
72,1
73,1
50,1
49,1
124,1
122,1
144,1
126,1
25,1
129,1
59,1
140,1
136,1
136,1
138,1
139,1
140,1
141,1
129,1
105,1
66,1
106,1
144,1
145,1
149,1
18,1
53,1
99,1
100,1
101,1
101,1
103,1
99,1
105,1
106,1
107,1
129,1
129,1
108,1
109,1
55,1
110,1
112,1
113,1
114,1
116,1
3,1
117,1
2,1
119,1
120,1
129,1
129,1
74,1
75,1
76,1
86,1
78,1
79,1
80,1
85,1
80,1
74,1
85,1
20,1
90,1
90,1
75,1
89,1
90,1
91,1
92,1
78,1
89,1
85,1
77,1
97,1
90,1
130,1
131,1
132,1
89,1
134,1
135,1
75,1
90,1
0,1
125,1
2,1
121,1
4,1
42,1
6,1
7,1
28,1
56,1
25,1
12,1
7,1
17,1
109,1
16,1
12,1
17,1
125,1
31,1
30,1
61,1
59,1
7,1
24,1
1,1
129,1
1,1
126,1
29,1
112,1
37,1
100,1
28,1
9,1
150,1
36,1
47,1
12,1
129,1
119,1
68,1
42,1
43,1
44,1
45,1
123,1
13,1
22,1
54,1
121,1
16,1
4,1
54,1
54,1
55,1
141,1
51,1
59,1
59,1
46,1
16,1
6,1
6,1
72,1
63,1
66,1
125,1
1,1
11,1
27,1
66,1
8,1
12,1
4,1
124,1
137,1
128,1
12,1
126,1
127,1
129,1
142,1
137,1
138,1
23,1
140,1
122,1
7,1
139,1
24,1
8,1
129,1
150,1
124,1
150,1
122,1
102,1
8,1
58,1
104,1
105,1
107,1
107,1
22,1
22,1
123,1
111,1
112,1
140,1
126,1
141,1
72,1
2,1
118,1
119,1
140,1
0,1
62,1
37,1
3,1
50,1
26,1
46,1
68,1
144,1
9,1
25,1
11,1
12,1
14,1
14,1
16,1
16,1
3,1
145,1
19,1
30,1
64,1
61,1
23,1
67,1
28,1
108,1
27,1
28,1
50,1
30,1
2,1
28,1
102,1
1,1
42,1
47,1
2,1
108,1
39,1
2,1
24,1
42,1
5,1
11,1
18,1
46,1
47,1
48,1
50,1
50,1
9,1
51,1
32,1
121,1
136,1
44,1
69,1
110,1
59,1
60,1
22,1
62,1
109,1
3,1
31,1
66,1
67,1
62,1
71,1
70,1
65,1
72,1
73,1
30,1
142,1
124,1
118,1
112,1
48,1
127,1
108,1
62,1
65,1
108,1
140,1
108,1
46,1
122,1
99,1
129,1
144,1
59,1
54,1
115,1
139,1
53,1
152,1
129,1
129,1
45,1
1,1
2,1
3,1
4,1
17,1
6,1
7,1
8,1
9,1
9,1
11,1
12,1
13,1
14,1
16,1
16,1
17,1
18,1
19,1
20,1
21,1
22,1
23,1
36,1
25,1
39,1
62,1
28,1
63,1
30,1
31,1
25,1
8,1
13,1
14,1
62,1
2,1
38,1
26,1
40,1
26,1
42,1
43,1
44,1
125,1
124,1
47,1
48,1
50,1
50,1
7,1
138,1
49,1
54,1
73,1
56,1
57,1
58,1
59,1
61,1
61,1
41,1
66,1
3,1
15,1
20,1
2,1
68,1
69,1
36,1
71,1
72,1
55,1
3,1
142,1
124,1
46,1
64,1
137,1
127,1
136,1
138,1
137,1
43,1
139,1
149,1
141,1
142,1
143,1
14,1
147,1
147,1
149,1
31,1
151,1
59,1
125,1
1,1
21,1
32,1
101,1
102,1
103,1
104,1
105,1
101,1
107,1
108,1
109,1
55,1
111,1
112,1
113,1
143,1
115,1
26,1
117,1
72,1
119,1
120,1
78,1
75,1
76,1
74,1
78,1
74,1
80,1
88,1
86,1
80,1
84,1
75,1
74,1
87,1
88,1
89,1
90,1
91,1
92,1
93,1
94,1
95,1
80,1
89,1
98,1
130,1
78,1
132,1
133,1
134,1
135,1
146,1
81,1
39,1
1,1
37,1
24,1
4,1
17,1
6,1
7,1
8,1
10,1
32,1
11,1
12,1
13,1
14,1
15,1
16,1
17,1
18,1
19,1
20,1
21,1
22,1
23,1
45,1
25,1
26,1
48,1
25,1
71,1
30,1
0,1
25,1
33,1
34,1
14,1
38,1
2,1
38,1
39,1
39,1
40,1
42,1
72,1
2,1
25,1
69,1
47,1
9,1
54,1
54,1
9,1
9,1
53,1
54,1
55,1
21,1
57,1
103,1
59,1
60,1
60,1
71,1
71,1
64,1
71,1
66,1
72,1
71,1
70,1
68,1
71,1
72,1
73,1
29,1
124,1
123,1
124,1
24,1
126,1
127,1
129,1
136,1
137,1
138,1
15,1
43,1
22,1
142,1
143,1
144,1
145,1
147,1
149,1
69,1
151,1
59,1
52,1
54,1
105,1
32,1
106,1
102,1
103,1
33,1
99,1
106,1
107,1
102,1
109,1
55,1
55,1
106,1
117,1
114,1
117,1
117,1
117,1
19,1
119,1
19,1
74,1
148,1
76,1
130,1
95,1
74,1
93,1
95,1
80,1
78,1
84,1
88,1
78,1
87,1
88,1
89,1
132,1
91,1
92,1
93,1
94,1
95,1
81,1
97,1
98,1
130,1
131,1
77,1
133,1
97,1
131,1
146,1
95,1
