54,1
55,1
56,1
32,1
58,1
59,1
60,1
61,1
62,1
63,1
15,1
65,1
20,1
16,1
3,1
69,1
37,1
71,1
44,1
73,1
99,1
57,1
101,1
55,1
109,1
104,1
99,1
106,1
107,1
108,1
109,1
55,1
111,1
112,1
113,1
114,1
115,1
115,1
38,1
43,1
119,1
120,1
53,1
71,1
36,1
6,1
29,1
19,1
45,1
35,1
37,1
67,1
4,1
25,1
127,1
7,1
8,1
9,1
45,1
11,1
12,1
13,1
109,1
43,1
36,1
35,1
13,1
37,1
59,1
56,1
100,1
103,1
45,1
25,1
117,1
36,1
8,1
29,1
30,1
56,1
100,1
33,1
34,1
14,1
36,1
37,1
36,1
0,1
64,1
24,1
9,1
43,1
1,1
35,1
6,1
47,1
8,1
52,1
121,1
151,1
52,1
46,1
7,1
68,1
30,1
10,1
103,1
59,1
61,1
61,1
67,1
63,1
40,1
68,1
30,1
15,1
62,1
69,1
65,1
69,1
32,1
107,1
99,1
9,1
126,1
102,1
103,1
104,1
105,1
106,1
107,1
108,1
103,1
55,1
30,1
112,1
113,1
114,1
39,1
26,1
24,1
43,1
119,1
120,1
3,1
6,1
124,1
62,1
126,1
30,1
72,1
138,1
151,1
59,1
139,1
113,1
141,1
42,1
114,1
144,1
63,1
100,1
150,1
151,1
36,1
32,1
0,1
3,1
4,1
17,1
6,1
7,1
28,1
8,1
8,1
11,1
56,1
13,1
13,1
16,1
62,1
31,1
18,1
117,1
20,1
21,1
141,1
100,1
24,1
32,1
26,1
0,1
8,1
7,1
68,1
64,1
9,1
111,1
34,1
32,1
3,1
24,1
41,1
31,1
31,1
39,1
42,1
40,1
127,1
32,1
46,1
18,1
9,1
29,1
121,1
4,1
29,1
53,1
54,1
55,1
56,1
127,1
103,1
22,1
60,1
127,1
44,1
63,1
31,1
65,1
46,1
16,1
62,1
56,1
67,1
50,1
72,1
73,1
99,1
32,1
101,1
112,1
109,1
104,1
113,1
106,1
107,1
112,1
109,1
110,1
111,1
112,1
113,1
114,1
115,1
116,1
117,1
65,1
119,1
120,1
7,1
46,1
46,1
118,1
140,1
1,1
72,1
60,1
51,1
17,1
5,1
17,1
46,1
142,1
73,1
13,1
13,1
26,1
100,1
140,1
74,1
75,1
76,1
93,1
78,1
132,1
96,1
81,1
82,1
96,1
75,1
88,1
146,1
89,1
88,1
133,1
90,1
91,1
92,1
93,1
94,1
95,1
96,1
97,1
98,1
130,1
93,1
77,1
133,1
134,1
135,1
95,1
98,1
15,1
9,1
37,1
3,1
4,1
5,1
54,1
25,1
8,1
9,1
10,1
11,1
12,1
13,1
13,1
16,1
16,1
25,1
18,1
19,1
60,1
37,1
22,1
23,1
24,1
32,1
99,1
27,1
28,1
49,1
30,1
70,1
33,1
33,1
0,1
16,1
36,1
70,1
40,1
31,1
64,1
39,1
42,1
67,1
44,1
68,1
46,1
47,1
28,1
51,1
49,1
14,1
52,1
136,1
51,1
110,1
1,1
57,1
58,1
59,1
61,1
61,1
62,1
51,1
62,1
70,1
66,1
67,1
68,1
65,1
70,1
71,1
72,1
73,1
99,1
9,1
101,1
144,1
103,1
104,1
105,1
143,1
107,1
108,1
109,1
55,1
111,1
112,1
118,1
114,1
5,1
116,1
30,1
19,1
104,1
120,1
4,1
123,1
122,1
122,1
36,1
126,1
11,1
129,1
137,1
151,1
7,1
139,1
140,1
141,1
142,1
143,1
15,1
14,1
115,1
8,1
140,1
63,1
1,1
47,1
23,1
4,1
127,1
152,1
32,1
8,1
10,1
9,1
11,1
56,1
13,1
14,1
0,1
16,1
17,1
30,1
72,1
61,1
21,1
22,1
22,1
38,1
45,1
127,1
23,1
8,1
29,1
30,1
68,1
25,1
33,1
68,1
16,1
44,1
21,1
38,1
68,1
1,1
38,1
12,1
118,1
22,1
32,1
46,1
23,1
9,1
4,1
29,1
9,1
53,1
68,1
54,1
32,1
57,1
46,1
106,1
22,1
60,1
141,1
68,1
71,1
40,1
63,1
6,1
0,1
1,1
72,1
68,1
50,1
141,1
73,1
73,1
100,1
101,1
47,1
21,1
104,1
57,1
99,1
107,1
108,1
103,1
58,1
101,1
112,1
113,1
114,1
116,1
115,1
31,1
118,1
119,1
120,1
52,1
23,1
46,1
24,1
127,1
151,1
103,1
86,1
75,1
74,1
77,1
131,1
130,1
80,1
89,1
148,1
80,1
85,1
85,1
86,1
87,1
88,1
89,1
90,1
91,1
92,1
95,1
134,1
95,1
96,1
97,1
98,1
130,1
93,1
132,1
133,1
78,1
135,1
146,1
148,1
52,1
1,1
52,1
62,1
4,1
30,1
50,1
7,1
48,1
9,1
44,1
11,1
126,1
34,1
52,1
144,1
3,1
4,1
34,1
129,1
30,1
30,1
66,1
21,1
34,1
25,1
116,1
27,1
48,1
29,1
30,1
3,1
57,1
129,1
144,1
1,1
65,1
145,1
3,1
31,1
62,1
2,1
145,1
0,1
1,1
52,1
52,1
145,1
27,1
4,1
29,1
3,1
3,1
52,1
54,1
73,1
34,1
3,1
22,1
20,1
61,1
68,1
3,1
3,1
62,1
16,1
65,1
68,1
62,1
65,1
52,1
52,1
73,1
15,1
30,1
101,1
102,1
5,1
73,1
73,1
73,1
73,1
70,1
103,1
73,1
73,1
112,1
106,1
114,1
65,1
69,1
70,1
73,1
119,1
73,1
51,1
124,1
27,1
52,1
6,1
127,1
129,1
139,1
61,1
142,1
106,1
102,1
35,1
121,1
34,1
70,1
64,1
1,1
37,1
30,1
4,1
17,1
6,1
7,1
56,1
9,1
10,1
11,1
12,1
13,1
28,1
55,1
16,1
0,1
68,1
72,1
60,1
38,1
22,1
23,1
45,1
25,1
26,1
27,1
45,1
62,1
30,1
31,1
36,1
33,1
34,1
62,1
41,1
2,1
38,1
39,1
36,1
38,1
42,1
118,1
44,1
25,1
46,1
47,1
9,1
49,1
121,1
50,1
29,1
151,1
4,1
18,1
56,1
57,1
58,1
59,1
60,1
61,1
67,1
63,1
36,1
65,1
61,1
0,1
68,1
69,1
70,1
71,1
108,1
55,1
99,1
100,1
73,1
102,1
103,1
104,1
105,1
106,1
107,1
108,1
58,1
55,1
111,1
112,1
113,1
102,1
73,1
116,1
117,1
47,1
119,1
120,1
121,1
142,1
122,1
69,1
126,1
127,1
72,1
121,1
137,1
129,1
111,1
140,1
46,1
71,1
143,1
13,1
16,1
112,1
41,1
29,1
38,1
1,1
2,1
21,1
122,1
1,1
6,1
7,1
8,1
8,1
10,1
11,1
12,1
13,1
13,1
15,1
15,1
17,1
56,1
64,1
20,1
36,1
141,1
32,1
72,1
25,1
115,1
45,1
28,1
45,1
30,1
62,1
48,1
28,1
34,1
35,1
41,1
2,1
0,1
38,1
116,1
24,1
42,1
72,1
9,1
36,1
127,1
47,1
8,1
49,1
50,1
151,1
54,1
53,1
7,1
47,1
108,1
47,1
58,1
59,1
60,1
60,1
68,1
0,1
0,1
65,1
59,1
65,1
69,1
42,1
2,1
151,1
43,1
55,1
99,1
33,1
101,1
103,1
103,1
104,1
120,1
106,1
107,1
108,1
109,1
110,1
111,1
69,1
113,1
114,1
116,1
115,1
24,1
43,1
112,1
120,1
4,1
124,1
122,1
39,1
126,1
127,1
43,1
66,1
141,1
113,1
101,1
17,1
141,1
128,1
143,1
144,1
42,1
115,1
72,1
151,1
64,1
8,1
102,1
30,1
29,1
63,1
6,1
7,1
8,1
9,1
68,1
11,1
69,1
144,1
14,1
18,1
16,1
140,1
47,1
113,1
61,1
61,1
7,1
36,1
9,1
0,1
27,1
8,1
54,1
10,1
64,1
8,1
33,1
35,1
35,1
64,1
144,1
21,1
39,1
45,1
56,1
149,1
30,1
116,1
45,1
68,1
47,1
27,1
4,1
29,1
50,1
4,1
50,1
49,1
110,1
56,1
32,1
11,1
59,1
61,1
7,1
30,1
16,1
67,1
69,1
66,1
67,1
69,1
69,1
125,1
111,1
72,1
73,1
73,1
33,1
101,1
109,1
21,1
104,1
105,1
107,1
107,1
43,1
69,1
110,1
73,1
112,1
120,1
114,1
17,1
149,1
117,1
43,1
119,1
120,1
121,1
134,1
111,1
122,1
69,1
103,1
6,1
137,1
137,1
123,1
126,1
100,1
72,1
47,1
108,1
143,1
144,1
138,1
140,1
69,1
138,1
146,1
93,1
74,1
77,1
87,1
79,1
83,1
87,1
98,1
83,1
85,1
85,1
95,1
79,1
88,1
97,1
98,1
132,1
134,1
87,1
77,1
95,1
96,1
97,1
98,1
130,1
93,1
91,1
146,1
134,1
135,1
79,1
76,1
0,1
9,1
47,1
66,1
142,1
36,1
124,1
7,1
28,1
66,1
72,1
11,1
11,1
139,1
14,1
15,1
16,1
118,1
150,1
19,1
5,1
56,1
61,1
122,1
56,1
57,1
26,1
15,1
8,1
7,1
117,1
40,1
28,1
14,1
102,1
1,1
65,1
15,1
15,1
15,1
5,1
13,1
11,1
15,1
44,1
45,1
46,1
150,1
147,1
51,1
51,1
50,1
4,1
53,1
124,1
143,1
56,1
25,1
58,1
59,1
32,1
30,1
62,1
29,1
34,1
29,1
66,1
144,1
65,1
101,1
150,1
29,1
138,1
73,1
152,1
9,1
101,1
102,1
103,1
104,1
105,1
114,1
107,1
120,1
58,1
143,1
114,1
112,1
120,1
114,1
38,1
39,1
117,1
72,1
119,1
120,1
152,1
122,1
123,1
123,1
24,1
126,1
66,1
137,1
126,1
137,1
137,1
126,1
7,1
120,1
137,1
122,1
143,1
102,1
145,1
115,1
57,1
54,1
99,1
9,1
101,1
126,1
103,1
104,1
105,1
106,1
107,1
69,1
58,1
110,1
111,1
112,1
113,1
114,1
116,1
115,1
26,1
70,1
119,1
120,1
74,1
75,1
76,1
95,1
74,1
148,1
82,1
81,1
82,1
83,1
95,1
85,1
95,1
76,1
88,1
89,1
90,1
93,1
92,1
148,1
94,1
77,1
96,1
97,1
98,1
93,1
95,1
133,1
134,1
135,1
146,1
135,1
2,1
1,1
37,1
67,1
49,1
65,1
6,1
46,1
8,1
9,1
10,1
11,1
69,1
63,1
13,1
63,1
63,1
17,1
18,1
117,1
20,1
56,1
60,1
23,1
36,1
1,1
26,1
45,1
47,1
29,1
30,1
2,1
32,1
47,1
144,1
19,1
38,1
116,1
36,1
39,1
36,1
24,1
42,1
72,1
10,1
64,1
46,1
47,1
28,1
50,1
50,1
136,1
151,1
53,1
151,1
55,1
34,1
25,1
58,1
24,1
60,1
24,1
62,1
102,1
16,1
102,1
20,1
1,1
24,1
39,1
116,1
71,1
72,1
99,1
74,1
75,1
77,1
79,1
80,1
81,1
80,1
83,1
85,1
85,1
74,1
83,1
88,1
94,1
98,1
91,1
92,1
93,1
94,1
87,1
83,1
97,1
77,1
99,1
100,1
101,1
47,1
103,1
104,1
19,1
106,1
107,1
45,1
109,1
116,1
111,1
112,1
113,1
114,1
37,1
37,1
117,1
43,1
119,1
120,1
3,1
122,1
124,1
122,1
38,1
101,1
127,1
113,1
130,1
78,1
93,1
133,1
134,1
135,1
128,1
71,1
136,1
110,1
140,1
46,1
150,1
106,1
144,1
47,1
146,1
148,1
140,1
152,1
151,1
143,1
5,1
9,1
16,1
121,1
4,1
5,1
6,1
7,1
28,1
9,1
45,1
11,1
12,1
13,1
14,1
15,1
16,1
17,1
13,1
149,1
61,1
45,1
56,1
3,1
21,1
10,1
19,1
27,1
8,1
29,1
30,1
0,1
57,1
33,1
35,1
34,1
36,1
15,1
36,1
0,1
36,1
40,1
42,1
36,1
14,1
45,1
6,1
62,1
51,1
50,1
49,1
51,1
51,1
53,1
54,1
55,1
56,1
57,1
58,1
3,1
66,1
20,1
62,1
63,1
15,1
65,1
20,1
31,1
36,1
19,1
37,1
71,1
32,1
73,1
107,1
44,1
139,1
13,1
103,1
106,1
105,1
106,1
107,1
34,1
109,1
110,1
111,1
112,1
113,1
114,1
116,1
116,1
31,1
64,1
119,1
120,1
55,1
46,1
123,1
124,1
62,1
126,1
127,1
29,1
129,1
136,1
121,1
138,1
139,1
20,1
7,1
142,1
73,1
15,1
56,1
149,1
24,1
151,1
76,1
84,1
76,1
95,1
87,1
79,1
83,1
82,1
83,1
83,1
85,1
84,1
76,1
87,1
88,1
89,1
90,1
91,1
92,1
131,1
94,1
77,1
83,1
97,1
98,1
130,1
78,1
87,1
133,1
130,1
135,1
146,1
148,1
31,1
45,1
70,1
150,1
4,1
5,1
6,1
7,1
25,1
34,1
1,1
11,1
12,1
18,1
14,1
18,1
16,1
5,1
13,1
31,1
22,1
21,1
22,1
23,1
118,1
56,1
116,1
24,1
1,1
29,1
30,1
24,1
8,1
57,1
24,1
69,1
43,1
67,1
2,1
116,1
5,1
0,1
42,1
24,1
51,1
45,1
123,1
13,1
10,1
52,1
50,1
54,1
1,1
151,1
54,1
55,1
21,1
57,1
58,1
147,1
60,1
61,1
30,1
63,1
64,1
68,1
66,1
30,1
62,1
11,1
69,1
142,1
72,1
120,1
73,1
100,1
102,1
102,1
103,1
104,1
120,1
106,1
143,1
11,1
69,1
55,1
99,1
108,1
140,1
143,1
117,1
113,1
67,1
72,1
119,1
120,1
121,1
123,1
122,1
124,1
56,1
101,1
127,1
126,1
68,1
138,1
137,1
138,1
139,1
5,1
61,1
142,1
143,1
145,1
70,1
140,1
150,1
151,1
95,1
75,1
76,1
77,1
78,1
79,1
83,1
77,1
84,1
131,1
85,1
84,1
86,1
78,1
88,1
89,1
90,1
95,1
92,1
93,1
89,1
95,1
83,1
97,1
98,1
130,1
93,1
77,1
133,1
134,1
135,1
146,1
148,1
129,1
12,1
3,1
5,1
71,1
17,1
6,1
7,1
102,1
126,1
68,1
11,1
12,1
18,1
20,1
13,1
139,1
149,1
18,1
31,1
22,1
20,1
141,1
23,1
39,1
60,1
116,1
44,1
8,1
71,1
62,1
39,1
57,1
55,1
47,1
140,1
117,1
116,1
115,1
39,1
31,1
31,1
42,1
19,1
21,1
25,1
127,1
24,1
8,1
63,1
71,1
42,1
28,1
54,1
7,1
117,1
150,1
150,1
58,1
59,1
20,1
61,1
65,1
63,1
31,1
65,1
66,1
116,1
60,1
126,1
47,1
71,1
140,1
110,1
113,1
100,1
101,1
8,1
126,1
45,1
99,1
147,1
107,1
108,1
108,1
111,1
111,1
106,1
138,1
143,1
39,1
116,1
38,1
19,1
119,1
120,1
5,1
141,1
123,1
6,1
115,1
126,1
127,1
142,1
19,1
142,1
126,1
138,1
139,1
149,1
141,1
142,1
143,1
15,1
145,1
121,1
18,1
124,1
74,1
75,1
76,1
77,1
78,1
79,1
82,1
97,1
76,1
83,1
87,1
85,1
86,1
78,1
88,1
88,1
90,1
91,1
92,1
131,1
134,1
95,1
80,1
133,1
98,1
77,1
78,1
132,1
133,1
134,1
135,1
146,1
148,1
30,1
9,1
2,1
21,1
4,1
21,1
6,1
7,1
9,1
10,1
25,1
11,1
11,1
13,1
14,1
15,1
16,1
17,1
45,1
37,1
30,1
21,1
66,1
7,1
24,1
10,1
26,1
3,1
10,1
71,1
30,1
31,1
25,1
44,1
144,1
145,1
36,1
37,1
70,1
2,1
27,1
31,1
42,1
21,1
44,1
1,1
46,1
47,1
48,1
4,1
50,1
49,1
150,1
51,1
54,1
55,1
57,1
115,1
109,1
20,1
60,1
60,1
108,1
3,1
0,1
34,1
66,1
67,1
68,1
69,1
67,1
128,1
44,1
73,1
9,1
28,1
101,1
102,1
109,1
104,1
105,1
106,1
107,1
43,1
109,1
110,1
111,1
112,1
113,1
114,1
116,1
116,1
117,1
43,1
112,1
120,1
103,1
124,1
124,1
123,1
45,1
102,1
127,1
53,1
19,1
136,1
136,1
138,1
33,1
43,1
141,1
71,1
114,1
144,1
35,1
149,1
150,1
138,1
131,1
75,1
78,1
93,1
132,1
79,1
84,1
81,1
80,1
83,1
84,1
84,1
86,1
87,1
88,1
75,1
80,1
91,1
92,1
93,1
97,1
95,1
96,1
97,1
98,1
130,1
131,1
132,1
133,1
130,1
135,1
146,1
83,1
36,1
44,1
2,1
25,1
49,1
24,1
127,1
7,1
8,1
8,1
10,1
11,1
12,1
13,1
14,1
15,1
44,1
121,1
8,1
19,1
20,1
21,1
22,1
23,1
45,1
25,1
0,1
48,1
8,1
71,1
30,1
31,1
32,1
33,1
35,1
34,1
36,1
0,1
38,1
9,1
36,1
115,1
42,1
24,1
36,1
45,1
127,1
1,1
28,1
4,1
50,1
51,1
7,1
141,1
54,1
110,1
25,1
69,1
58,1
59,1
7,1
60,1
21,1
63,1
64,1
32,1
66,1
65,1
68,1
69,1
67,1
29,1
72,1
73,1
99,1
32,1
101,1
102,1
103,1
104,1
105,1
106,1
107,1
108,1
58,1
55,1
73,1
112,1
113,1
105,1
115,1
115,1
117,1
118,1
119,1
120,1
3,1
124,1
122,1
46,1
57,1
109,1
127,1
53,1
129,1
126,1
138,1
103,1
33,1
109,1
121,1
142,1
111,1
47,1
35,1
140,1
125,1
122,1
78,1
77,1
76,1
77,1
78,1
93,1
82,1
131,1
80,1
83,1
84,1
75,1
86,1
78,1
88,1
84,1
80,1
91,1
92,1
93,1
94,1
130,1
96,1
77,1
98,1
74,1
86,1
91,1
133,1
134,1
25,1
146,1
87,1
44,1
10,1
0,1
127,1
4,1
5,1
6,1
7,1
8,1
28,1
25,1
140,1
12,1
54,1
14,1
15,1
16,1
28,1
18,1
39,1
20,1
3,1
22,1
23,1
118,1
48,1
32,1
60,1
48,1
29,1
30,1
31,1
32,1
33,1
144,1
1,1
24,1
2,1
21,1
39,1
36,1
1,1
42,1
0,1
9,1
45,1
46,1
47,1
9,1
128,1
50,1
29,1
147,1
59,1
54,1
110,1
56,1
5,1
58,1
59,1
60,1
121,1
65,1
63,1
0,1
66,1
50,1
67,1
25,1
69,1
70,1
65,1
118,1
55,1
73,1
32,1
101,1
33,1
103,1
104,1
105,1
110,1
107,1
18,1
47,1
73,1
111,1
112,1
113,1
143,1
39,1
116,1
39,1
40,1
119,1
55,1
52,1
54,1
128,1
66,1
62,1
8,1
111,1
53,1
129,1
136,1
52,1
138,1
139,1
2,1
141,1
50,1
143,1
34,1
145,1
19,1
150,1
151,1
40,1
14,1
2,1
3,1
4,1
125,1
6,1
7,1
8,1
45,1
24,1
11,1
12,1
13,1
13,1
15,1
16,1
20,1
18,1
19,1
20,1
21,1
22,1
20,1
24,1
60,1
150,1
1,1
28,1
4,1
30,1
24,1
32,1
127,1
13,1
145,1
32,1
70,1
60,1
37,1
24,1
36,1
42,1
36,1
27,1
24,1
124,1
47,1
57,1
49,1
50,1
4,1
50,1
53,1
54,1
55,1
56,1
57,1
58,1
59,1
66,1
60,1
40,1
63,1
64,1
50,1
66,1
68,1
68,1
69,1
70,1
71,1
72,1
55,1
73,1
57,1
114,1
102,1
103,1
104,1
105,1
106,1
107,1
108,1
109,1
55,1
9,1
112,1
113,1
114,1
115,1
38,1
117,1
118,1
119,1
120,1
127,1
122,1
122,1
124,1
39,1
126,1
127,1
138,1
129,1
137,1
137,1
112,1
101,1
140,1
141,1
71,1
143,1
47,1
145,1
149,1
36,1
151,1
93,1
75,1
75,1
77,1
78,1
148,1
96,1
81,1
96,1
83,1
148,1
82,1
86,1
78,1
88,1
94,1
90,1
91,1
92,1
93,1
94,1
77,1
82,1
97,1
98,1
130,1
93,1
93,1
133,1
81,1
135,1
146,1
148,1
135,1
84,1
80,1
77,1
78,1
79,1
96,1
81,1
80,1
132,1
84,1
80,1
76,1
93,1
84,1
89,1
90,1
91,1
92,1
93,1
94,1
95,1
80,1
97,1
98,1
130,1
93,1
90,1
133,1
134,1
135,1
146,1
148,1
35,1
8,1
34,1
25,1
4,1
49,1
49,1
7,1
8,1
9,1
25,1
11,1
12,1
34,1
14,1
15,1
1,1
32,1
18,1
19,1
20,1
21,1
22,1
23,1
45,1
25,1
38,1
9,1
10,1
4,1
30,1
31,1
25,1
33,1
24,1
1,1
36,1
2,1
39,1
39,1
44,1
36,1
42,1
43,1
25,1
25,1
46,1
32,1
25,1
52,1
50,1
52,1
50,1
53,1
54,1
55,1
63,1
3,1
58,1
59,1
60,1
61,1
62,1
64,1
36,1
149,1
66,1
45,1
1,1
16,1
34,1
142,1
72,1
73,1
99,1
100,1
102,1
102,1
103,1
104,1
105,1
106,1
107,1
38,1
109,1
110,1
111,1
112,1
138,1
143,1
26,1
40,1
31,1
19,1
119,1
120,1
50,1
124,1
123,1
124,1
40,1
42,1
124,1
122,1
129,1
129,1
151,1
151,1
139,1
140,1
141,1
142,1
143,1
18,1
145,1
113,1
24,1
53,1
76,1
75,1
76,1
77,1
78,1
74,1
82,1
81,1
82,1
96,1
82,1
131,1
86,1
87,1
88,1
90,1
91,1
92,1
93,1
94,1
95,1
81,1
97,1
98,1
95,1
78,1
132,1
133,1
134,1
135,1
146,1
148,1
64,1
45,1
44,1
3,1
4,1
21,1
6,1
7,1
57,1
10,1
10,1
11,1
11,1
13,1
14,1
64,1
16,1
150,1
18,1
19,1
141,1
56,1
20,1
136,1
125,1
39,1
11,1
100,1
47,1
71,1
125,1
36,1
38,1
18,1
64,1
44,1
47,1
34,1
125,1
56,1
125,1
125,1
42,1
36,1
21,1
45,1
123,1
47,1
8,1
3,1
49,1
9,1
51,1
25,1
52,1
18,1
10,1
34,1
103,1
59,1
30,1
141,1
34,1
43,1
70,1
125,1
22,1
15,1
108,1
126,1
68,1
138,1
150,1
57,1
69,1
137,1
123,1
125,1
34,1
126,1
46,1
151,1
129,1
53,1
6,1
129,1
139,1
140,1
141,1
125,1
143,1
144,1
56,1
140,1
150,1
151,1
129,1
1,1
2,1
71,1
4,1
45,1
6,1
49,1
57,1
63,1
28,1
12,1
12,1
14,1
14,1
15,1
16,1
5,1
44,1
73,1
17,1
26,1
22,1
22,1
56,1
10,1
154,1
10,1
24,1
66,1
14,1
36,1
21,1
47,1
56,1
14,1
40,1
3,1
24,1
116,1
19,1
68,1
42,1
38,1
0,1
45,1
123,1
47,1
48,1
50,1
7,1
21,1
7,1
127,1
54,1
73,1
72,1
62,1
103,1
59,1
60,1
61,1
39,1
65,1
24,1
65,1
20,1
62,1
38,1
69,1
72,1
62,1
72,1
73,1
7,1
137,1
123,1
123,1
125,1
126,1
127,1
142,1
129,1
141,1
137,1
138,1
103,1
138,1
141,1
142,1
143,1
68,1
34,1
140,1
150,1
138,1
73,1
32,1
101,1
43,1
103,1
55,1
105,1
106,1
107,1
108,1
109,1
111,1
111,1
59,1
129,1
113,1
12,1
11,1
38,1
118,1
112,1
101,1
132,1
75,1
93,1
77,1
131,1
79,1
80,1
81,1
92,1
87,1
85,1
85,1
86,1
83,1
88,1
88,1
90,1
91,1
92,1
93,1
94,1
95,1
96,1
97,1
83,1
130,1
131,1
132,1
133,1
85,1
135,1
146,1
80,1
1,1
51,1
34,1
141,1
123,1
141,1
22,1
121,1
51,1
46,1
52,1
11,1
12,1
14,1
14,1
15,1
22,1
61,1
18,1
43,1
20,1
56,1
22,1
23,1
36,1
127,1
141,1
1,1
28,1
29,1
30,1
72,1
45,1
33,1
1,1
1,1
62,1
15,1
68,1
64,1
125,1
64,1
42,1
43,1
1,1
1,1
124,1
34,1
48,1
49,1
50,1
121,1
1,1
53,1
54,1
73,1
32,1
57,1
58,1
59,1
20,1
61,1
24,1
63,1
35,1
65,1
66,1
65,1
68,1
112,1
69,1
71,1
129,1
63,1
125,1
124,1
123,1
53,1
125,1
151,1
127,1
46,1
129,1
136,1
137,1
138,1
139,1
140,1
141,1
142,1
143,1
144,1
145,1
149,1
150,1
53,1
99,1
52,1
101,1
102,1
103,1
104,1
105,1
106,1
107,1
108,1
109,1
110,1
111,1
112,1
69,1
114,1
115,1
115,1
31,1
118,1
112,1
105,1
76,1
88,1
76,1
77,1
78,1
79,1
80,1
89,1
148,1
148,1
85,1
89,1
148,1
87,1
89,1
89,1
90,1
91,1
92,1
132,1
94,1
131,1
82,1
89,1
98,1
130,1
130,1
132,1
133,1
134,1
135,1
146,1
148,1
40,1
1,1
144,1
6,1
6,1
1,1
6,1
7,1
8,1
48,1
141,1
11,1
12,1
13,1
14,1
13,1
14,1
5,1
18,1
72,1
66,1
21,1
22,1
23,1
24,1
30,1
115,1
127,1
28,1
29,1
30,1
64,1
32,1
28,1
35,1
35,1
40,1
34,1
35,1
39,1
62,1
36,1
11,1
118,1
127,1
1,1
4,1
1,1
25,1
50,1
50,1
4,1
7,1
141,1
54,1
110,1
56,1
57,1
58,1
59,1
60,1
61,1
68,1
63,1
36,1
65,1
66,1
67,1
68,1
69,1
0,1
71,1
60,1
73,1
121,1
122,1
53,1
53,1
46,1
126,1
68,1
127,1
105,1
136,1
137,1
72,1
59,1
140,1
46,1
141,1
143,1
144,1
14,1
149,1
150,1
53,1
99,1
100,1
109,1
102,1
103,1
104,1
105,1
106,1
107,1
108,1
109,1
110,1
105,1
108,1
105,1
114,1
116,1
116,1
117,1
118,1
119,1
120,1
86,1
75,1
76,1
77,1
78,1
79,1
82,1
89,1
75,1
83,1
85,1
88,1
86,1
87,1
88,1
89,1
90,1
91,1
92,1
93,1
94,1
77,1
82,1
97,1
98,1
130,1
93,1
90,1
133,1
134,1
135,1
88,1
82,1
29,1
27,1
103,1
100,1
109,1
33,1
141,1
104,1
15,1
100,1
109,1
48,1
48,1
27,1
36,1
112,1
38,1
41,1
115,1
119,1
150,1
118,1
29,1
149,1
149,1
33,1
115,1
18,1
15,1
38,1
38,1
149,1
48,1
18,1
36,1
102,1
95,1
95,1
149,1
119,1
118,1
117,1
130,1
118,1
130,1
41,1
112,1
118,1
33,1
109,1
149,1
18,1
126,1
138,1
103,1
45,1
127,1
130,1
19,1
41,1
100,1
58,1
41,1
33,1
23,1
149,1
18,1
69,1
100,1
12,1
29,1
145,1
18,1
115,1
112,1
153,1
126,1
16,1
100,1
116,1
18,1
127,1
11,1
126,1
109,1
36,1
127,1
95,1
129,1
147,1
100,1
61,1
65,1
99,1
72,1
125,1
99,1
58,1
109,1
60,1
0,1
40,1
141,1
100,1
113,1
110,1
144,1
113,1
19,1
12,1
109,1
103,1
59,1
6,1
129,1
48,1
0,1
138,1
135,1
94,1
130,1
130,1
92,1
95,1
98,1
146,1
95,1
96,1
83,1
95,1
135,1
79,1
77,1
137,1
79,1
92,1
146,1
79,1
132,1
93,1
92,1
97,1
92,1
95,1
98,1
92,1
123,1
135,1
86,1
77,1
88,1
3,1
1,1
15,1
103,1
136,1
3,1
6,1
7,1
9,1
9,1
10,1
11,1
11,1
63,1
14,1
15,1
16,1
103,1
13,1
19,1
21,1
21,1
22,1
100,1
21,1
32,1
116,1
27,1
8,1
53,1
30,1
31,1
100,1
47,1
34,1
35,1
36,1
118,1
62,1
70,1
62,1
62,1
42,1
65,1
45,1
43,1
124,1
125,1
39,1
54,1
124,1
122,1
122,1
46,1
51,1
18,1
10,1
57,1
58,1
59,1
60,1
61,1
30,1
63,1
30,1
102,1
22,1
62,1
36,1
69,1
24,1
3,1
68,1
73,1
121,1
124,1
123,1
99,1
100,1
107,1
109,1
100,1
45,1
35,1
26,1
6,1
72,1
65,1
3,1
136,1
138,1
1,1
140,1
124,1
52,1
106,1
144,1
14,1
149,1
145,1
22,1
56,1
105,1
122,1
107,1
108,1
103,1
111,1
111,1
119,1
3,1
111,1
104,1
56,1
39,1
21,1
9,1
99,1
86,1
75,1
77,1
77,1
78,1
130,1
130,1
78,1
80,1
83,1
95,1
85,1
77,1
77,1
84,1
89,1
82,1
95,1
92,1
93,1
77,1
77,1
77,1
77,1
77,1
130,1
87,1
132,1
133,1
134,1
135,1
146,1
148,1
36,1
14,1
16,1
67,1
54,1
20,1
124,1
7,1
100,1
3,1
44,1
11,1
42,1
15,1
14,1
27,1
41,1
5,1
33,1
37,1
29,1
56,1
22,1
136,1
36,1
25,1
26,1
27,1
25,1
29,1
21,1
2,1
53,1
48,1
38,1
44,1
15,1
2,1
45,1
45,1
36,1
118,1
34,1
37,1
29,1
29,1
122,1
63,1
25,1
49,1
29,1
32,1
29,1
53,1
46,1
65,1
56,1
44,1
139,1
23,1
60,1
60,1
65,1
29,1
14,1
29,1
22,1
67,1
44,1
65,1
44,1
71,1
117,1
107,1
60,1
53,1
124,1
122,1
62,1
71,1
127,1
11,1
128,1
122,1
53,1
139,1
66,1
53,1
51,1
114,1
34,1
63,1
16,1
57,1
4,1
55,1
53,1
109,1
102,1
29,1
73,1
105,1
107,1
107,1
108,1
67,1
21,1
63,1
112,1
113,1
106,1
116,1
29,1
37,1
38,1
119,1
119,1
89,1
84,1
88,1
77,1
87,1
134,1
91,1
77,1
148,1
83,1
75,1
85,1
83,1
86,1
89,1
133,1
134,1
91,1
92,1
93,1
89,1
85,1
148,1
134,1
83,1
81,1
75,1
146,1
88,1
134,1
135,1
146,1
134,1
0,1
1,1
37,1
21,1
50,1
17,1
6,1
7,1
8,1
9,1
150,1
11,1
12,1
13,1
0,1
15,1
16,1
16,1
18,1
19,1
20,1
21,1
22,1
23,1
24,1
45,1
27,1
27,1
28,1
121,1
30,1
37,1
100,1
48,1
18,1
145,1
62,1
37,1
112,1
38,1
24,1
26,1
21,1
108,1
5,1
3,1
6,1
47,1
9,1
49,1
49,1
1,1
52,1
53,1
54,1
117,1
125,1
57,1
58,1
59,1
60,1
141,1
0,1
63,1
64,1
65,1
66,1
2,1
68,1
2,1
70,1
71,1
126,1
72,1
73,1
50,1
122,1
123,1
122,1
68,1
126,1
127,1
149,1
151,1
151,1
118,1
139,1
129,1
141,1
142,1
143,1
47,1
145,1
149,1
0,1
151,1
55,1
100,1
101,1
47,1
103,1
108,1
105,1
106,1
107,1
108,1
109,1
106,1
73,1
112,1
19,1
114,1
24,1
115,1
38,1
24,1
119,1
120,1
74,1
75,1
76,1
83,1
78,1
79,1
83,1
81,1
82,1
83,1
85,1
84,1
74,1
87,1
88,1
89,1
74,1
91,1
92,1
93,1
94,1
95,1
82,1
97,1
95,1
86,1
132,1
133,1
134,1
135,1
146,1
148,1
126,1
87,1
75,1
76,1
77,1
80,1
79,1
80,1
85,1
148,1
83,1
84,1
88,1
98,1
131,1
88,1
133,1
90,1
91,1
92,1
93,1
89,1
91,1
96,1
97,1
98,1
86,1
132,1
132,1
133,1
134,1
135,1
97,1
87,1
18,1
45,1
2,1
126,1
54,1
46,1
7,1
8,1
21,1
12,1
12,1
15,1
102,1
15,1
149,1
129,1
40,1
111,1
152,1
72,1
152,1
23,1
34,1
10,1
69,1
69,1
68,1
29,1
69,1
32,1
18,1
24,1
65,1
40,1
111,1
38,1
116,1
72,1
36,1
105,1
11,1
44,1
45,1
46,1
40,1
72,1
66,1
121,1
71,1
142,1
142,1
142,1
120,1
56,1
69,1
58,1
59,1
104,1
152,1
69,1
71,1
65,1
62,1
152,1
67,1
118,1
69,1
69,1
69,1
72,1
12,1
66,1
46,1
123,1
46,1
36,1
153,1
141,1
69,1
142,1
137,1
126,1
139,1
139,1
141,1
138,1
143,1
2,1
150,1
126,1
70,1
141,1
26,1
150,1
101,1
102,1
103,1
104,1
129,1
114,1
101,1
108,1
109,1
143,1
18,1
112,1
113,1
114,1
149,1
111,1
110,1
118,1
11,1
105,1
76,1
75,1
86,1
77,1
78,1
79,1
80,1
75,1
86,1
83,1
85,1
85,1
87,1
78,1
85,1
89,1
90,1
91,1
92,1
93,1
94,1
85,1
96,1
97,1
74,1
146,1
93,1
91,1
94,1
134,1
135,1
146,1
80,1
0,1
1,1
70,1
30,1
5,1
6,1
29,1
48,1
9,1
9,1
11,1
12,1
144,1
14,1
15,1
16,1
65,1
18,1
19,1
68,1
32,1
23,1
23,1
37,1
10,1
2,1
27,1
28,1
29,1
30,1
70,1
25,1
111,1
2,1
145,1
67,1
15,1
72,1
117,1
31,1
36,1
72,1
65,1
1,1
45,1
138,1
47,1
8,1
4,1
54,1
53,1
53,1
53,1
54,1
55,1
45,1
144,1
58,1
59,1
60,1
60,1
30,1
63,1
118,1
65,1
147,1
3,1
25,1
70,1
71,1
72,1
99,1
50,1
122,1
124,1
124,1
2,1
126,1
25,1
136,1
59,1
20,1
138,1
151,1
138,1
139,1
140,1
3,1
129,1
12,1
142,1
143,1
144,1
145,1
149,1
144,1
51,1
99,1
100,1
101,1
101,1
103,1
104,1
105,1
106,1
107,1
149,1
129,1
19,1
109,1
111,1
110,1
112,1
113,1
114,1
2,1
3,1
117,1
2,1
119,1
120,1
129,1
73,1
74,1
75,1
76,1
90,1
77,1
74,1
82,1
81,1
80,1
76,1
88,1
88,1
74,1
74,1
89,1
89,1
90,1
91,1
92,1
131,1
89,1
80,1
81,1
97,1
89,1
130,1
96,1
76,1
89,1
92,1
83,1
75,1
90,1
16,1
125,1
1,1
121,1
7,1
17,1
6,1
7,1
8,1
56,1
25,1
69,1
7,1
150,1
109,1
15,1
8,1
17,1
145,1
70,1
3,1
61,1
109,1
7,1
24,1
9,1
116,1
9,1
25,1
7,1
70,1
37,1
32,1
28,1
45,1
24,1
40,1
1,1
41,1
11,1
37,1
145,1
42,1
43,1
34,1
45,1
123,1
47,1
22,1
54,1
29,1
49,1
61,1
153,1
66,1
123,1
126,1
28,1
58,1
58,1
46,1
17,1
3,1
6,1
12,1
5,1
7,1
125,1
28,1
16,1
11,1
11,1
100,1
12,1
3,1
128,1
128,1
128,1
0,1
126,1
124,1
26,1
23,1
137,1
22,1
58,1
140,1
123,1
142,1
11,1
28,1
28,1
42,1
36,1
124,1
115,1
122,1
58,1
28,1
58,1
143,1
12,1
103,1
107,1
127,1
23,1
123,1
111,1
23,1
16,1
143,1
17,1
16,1
2,1
42,1
119,1
140,1
0,1
45,1
37,1
3,1
50,1
27,1
46,1
7,1
144,1
48,1
28,1
69,1
12,1
13,1
14,1
14,1
16,1
27,1
144,1
129,1
3,1
30,1
63,1
23,1
67,1
9,1
43,1
27,1
28,1
29,1
3,1
31,1
28,1
102,1
42,1
8,1
47,1
2,1
108,1
39,1
2,1
72,1
42,1
67,1
12,1
149,1
46,1
47,1
48,1
121,1
50,1
9,1
52,1
100,1
49,1
137,1
1,1
8,1
110,1
59,1
60,1
22,1
62,1
63,1
3,1
31,1
66,1
67,1
43,1
71,1
70,1
65,1
72,1
73,1
3,1
71,1
127,1
69,1
112,1
126,1
127,1
108,1
71,1
122,1
45,1
2,1
108,1
46,1
122,1
104,1
42,1
144,1
150,1
50,1
26,1
11,1
137,1
152,1
72,1
100,1
0,1
1,1
2,1
3,1
4,1
17,1
6,1
7,1
8,1
10,1
9,1
11,1
100,1
13,1
14,1
15,1
16,1
17,1
18,1
19,1
20,1
21,1
22,1
23,1
41,1
25,1
39,1
62,1
47,1
29,1
30,1
31,1
25,1
28,1
13,1
28,1
67,1
0,1
36,1
115,1
40,1
115,1
42,1
43,1
38,1
35,1
124,1
47,1
28,1
4,1
4,1
49,1
52,1
54,1
54,1
55,1
56,1
57,1
58,1
59,1
60,1
61,1
64,1
20,1
30,1
16,1
20,1
15,1
36,1
69,1
36,1
71,1
72,1
55,1
121,1
124,1
143,1
123,1
64,1
137,1
127,1
136,1
140,1
137,1
61,1
139,1
17,1
141,1
142,1
143,1
14,1
150,1
147,1
17,1
0,1
151,1
59,1
35,1
44,1
56,1
21,1
101,1
154,1
103,1
104,1
105,1
101,1
107,1
108,1
109,1
55,1
111,1
112,1
113,1
114,1
26,1
115,1
26,1
118,1
119,1
120,1
78,1
75,1
76,1
77,1
78,1
97,1
80,1
81,1
88,1
80,1
84,1
75,1
74,1
87,1
88,1
89,1
90,1
91,1
92,1
93,1
94,1
85,1
80,1
89,1
98,1
130,1
78,1
132,1
133,1
134,1
135,1
146,1
85,1
0,1
1,1
37,1
40,1
4,1
17,1
6,1
7,1
8,1
25,1
25,1
11,1
12,1
13,1
14,1
13,1
16,1
5,1
18,1
19,1
20,1
44,1
22,1
23,1
27,1
44,1
26,1
48,1
28,1
71,1
30,1
0,1
25,1
33,1
34,1
14,1
24,1
37,1
24,1
39,1
38,1
36,1
42,1
72,1
10,1
25,1
69,1
47,1
10,1
52,1
57,1
28,1
9,1
53,1
54,1
55,1
34,1
57,1
58,1
59,1
60,1
61,1
71,1
63,1
36,1
71,1
66,1
70,1
71,1
70,1
67,1
71,1
118,1
73,1
4,1
124,1
123,1
124,1
0,1
126,1
127,1
2,1
136,1
137,1
138,1
13,1
1,1
61,1
142,1
143,1
144,1
145,1
147,1
17,1
69,1
51,1
152,1
52,1
54,1
116,1
57,1
106,1
102,1
103,1
33,1
99,1
106,1
107,1
102,1
47,1
110,1
55,1
101,1
113,1
73,1
117,1
117,1
118,1
19,1
106,1
116,1
93,1
148,1
93,1
77,1
77,1
79,1
95,1
85,1
80,1
78,1
84,1
88,1
86,1
95,1
88,1
89,1
132,1
81,1
92,1
93,1
134,1
95,1
83,1
97,1
98,1
76,1
148,1
77,1
133,1
94,1
131,1
146,1
95,1
