54,1
73,1
56,1
57,1
58,1
59,1
7,1
60,1
36,1
63,1
64,1
65,1
22,1
67,1
68,1
69,1
70,1
71,1
72,1
73,1
99,1
32,1
101,1
102,1
103,1
104,1
105,1
106,1
107,1
108,1
109,1
110,1
111,1
112,1
113,1
114,1
115,1
116,1
117,1
19,1
119,1
120,1
136,1
124,1
36,1
127,1
3,1
19,1
125,1
34,1
43,1
137,1
4,1
103,1
6,1
7,1
8,1
9,1
8,1
11,1
12,1
13,1
14,1
41,1
16,1
118,1
18,1
67,1
60,1
21,1
22,1
58,1
108,1
25,1
115,1
68,1
8,1
29,1
30,1
41,1
100,1
33,1
42,1
14,1
36,1
37,1
36,1
38,1
41,1
41,1
53,1
118,1
44,1
43,1
127,1
47,1
28,1
52,1
136,1
137,1
49,1
46,1
54,1
55,1
56,1
57,1
58,1
59,1
60,1
60,1
62,1
63,1
15,1
65,1
23,1
67,1
62,1
144,1
65,1
71,1
72,1
107,1
99,1
32,1
101,1
102,1
103,1
104,1
105,1
106,1
107,1
108,1
103,1
55,1
33,1
112,1
113,1
114,1
115,1
116,1
117,1
118,1
119,1
120,1
136,1
141,1
124,1
43,1
126,1
127,1
38,1
137,1
137,1
59,1
42,1
140,1
141,1
142,1
114,1
144,1
13,1
100,1
150,1
151,1
36,1
125,1
43,1
3,1
61,1
17,1
6,1
7,1
8,1
8,1
8,1
73,1
12,1
13,1
14,1
16,1
16,1
17,1
18,1
19,1
20,1
21,1
22,1
103,1
38,1
8,1
26,1
39,1
8,1
29,1
30,1
41,1
10,1
33,1
18,1
58,1
36,1
67,1
38,1
39,1
38,1
41,1
73,1
43,1
44,1
102,1
46,1
47,1
8,1
54,1
20,1
29,1
29,1
46,1
54,1
110,1
56,1
57,1
58,1
61,1
61,1
60,1
62,1
63,1
70,1
65,1
66,1
67,1
129,1
42,1
2,1
62,1
72,1
73,1
99,1
32,1
101,1
102,1
103,1
104,1
113,1
106,1
107,1
108,1
35,1
110,1
111,1
112,1
113,1
114,1
115,1
115,1
117,1
118,1
119,1
120,1
50,1
46,1
141,1
36,1
140,1
127,1
19,1
100,1
100,1
129,1
139,1
17,1
141,1
142,1
143,1
144,1
14,1
115,1
129,1
72,1
87,1
76,1
76,1
30,1
78,1
131,1
80,1
89,1
90,1
80,1
84,1
84,1
132,1
78,1
88,1
89,1
90,1
91,1
92,1
93,1
94,1
85,1
96,1
97,1
98,1
95,1
93,1
78,1
133,1
97,1
135,1
74,1
131,1
64,1
45,1
2,1
63,1
49,1
5,1
6,1
7,1
8,1
10,1
10,1
11,1
12,1
14,1
14,1
14,1
16,1
30,1
18,1
19,1
20,1
21,1
22,1
23,1
24,1
25,1
39,1
25,1
8,1
29,1
30,1
31,1
32,1
33,1
24,1
15,1
36,1
37,1
38,1
39,1
24,1
38,1
42,1
43,1
44,1
45,1
46,1
47,1
48,1
29,1
49,1
30,1
3,1
53,1
54,1
55,1
56,1
57,1
58,1
59,1
60,1
61,1
36,1
63,1
64,1
34,1
61,1
67,1
68,1
151,1
125,1
49,1
72,1
73,1
99,1
100,1
101,1
102,1
103,1
104,1
105,1
143,1
107,1
108,1
109,1
110,1
111,1
112,1
113,1
114,1
115,1
116,1
117,1
19,1
119,1
120,1
4,1
151,1
123,1
137,1
125,1
126,1
127,1
129,1
136,1
137,1
61,1
139,1
140,1
141,1
142,1
143,1
16,1
14,1
149,1
42,1
151,1
63,1
126,1
37,1
3,1
4,1
30,1
22,1
7,1
8,1
25,1
10,1
11,1
12,1
13,1
14,1
15,1
16,1
17,1
47,1
19,1
20,1
21,1
22,1
22,1
24,1
25,1
39,1
25,1
28,1
29,1
30,1
31,1
32,1
33,1
24,1
15,1
36,1
24,1
41,1
31,1
24,1
41,1
129,1
43,1
25,1
25,1
141,1
47,1
25,1
49,1
29,1
3,1
51,1
53,1
54,1
55,1
56,1
57,1
58,1
22,1
60,1
60,1
118,1
71,1
18,1
67,1
66,1
67,1
68,1
69,1
24,1
69,1
20,1
73,1
99,1
100,1
101,1
102,1
103,1
104,1
105,1
106,1
107,1
108,1
109,1
101,1
33,1
112,1
113,1
114,1
115,1
116,1
117,1
118,1
119,1
120,1
23,1
69,1
46,1
37,1
127,1
124,1
58,1
87,1
75,1
76,1
77,1
78,1
79,1
80,1
89,1
82,1
83,1
84,1
85,1
86,1
87,1
88,1
89,1
90,1
91,1
92,1
93,1
94,1
95,1
96,1
97,1
98,1
95,1
93,1
132,1
133,1
134,1
135,1
146,1
133,1
0,1
14,1
2,1
62,1
61,1
125,1
29,1
7,1
20,1
9,1
10,1
11,1
12,1
13,1
145,1
15,1
16,1
4,1
13,1
19,1
20,1
61,1
22,1
3,1
24,1
25,1
116,1
27,1
28,1
62,1
3,1
31,1
12,1
33,1
34,1
35,1
38,1
15,1
41,1
31,1
31,1
41,1
5,1
43,1
44,1
125,1
7,1
28,1
8,1
29,1
4,1
51,1
51,1
54,1
54,1
55,1
56,1
103,1
66,1
3,1
20,1
62,1
62,1
62,1
62,1
66,1
15,1
68,1
65,1
36,1
71,1
72,1
73,1
99,1
100,1
101,1
102,1
116,1
104,1
106,1
106,1
107,1
108,1
110,1
110,1
111,1
112,1
113,1
114,1
115,1
116,1
43,1
115,1
119,1
113,1
52,1
124,1
125,1
126,1
127,1
124,1
149,1
139,1
141,1
66,1
114,1
144,1
145,1
149,1
144,1
12,1
0,1
1,1
37,1
3,1
49,1
5,1
6,1
7,1
8,1
10,1
10,1
119,1
12,1
13,1
14,1
15,1
35,1
108,1
40,1
19,1
66,1
21,1
60,1
23,1
24,1
10,1
26,1
27,1
8,1
3,1
30,1
31,1
32,1
33,1
144,1
35,1
36,1
37,1
43,1
39,1
41,1
43,1
102,1
118,1
44,1
45,1
46,1
8,1
25,1
49,1
121,1
50,1
4,1
141,1
54,1
55,1
56,1
57,1
103,1
59,1
60,1
61,1
36,1
63,1
30,1
65,1
20,1
67,1
68,1
69,1
70,1
71,1
108,1
73,1
99,1
100,1
101,1
102,1
103,1
104,1
105,1
106,1
107,1
108,1
109,1
55,1
111,1
112,1
113,1
114,1
115,1
115,1
117,1
118,1
119,1
120,1
121,1
122,1
46,1
108,1
126,1
127,1
19,1
136,1
137,1
138,1
139,1
140,1
141,1
70,1
143,1
15,1
14,1
112,1
43,1
29,1
41,1
1,1
2,1
3,1
4,1
140,1
6,1
7,1
10,1
10,1
25,1
11,1
12,1
13,1
14,1
15,1
101,1
17,1
18,1
19,1
22,1
21,1
61,1
32,1
24,1
10,1
115,1
27,1
8,1
63,1
30,1
31,1
32,1
33,1
34,1
35,1
36,1
37,1
38,1
39,1
40,1
40,1
42,1
72,1
44,1
24,1
46,1
47,1
28,1
71,1
50,1
49,1
4,1
53,1
60,1
55,1
56,1
57,1
58,1
22,1
60,1
22,1
36,1
0,1
38,1
118,1
20,1
67,1
38,1
69,1
70,1
29,1
72,1
55,1
99,1
100,1
101,1
102,1
30,1
104,1
105,1
106,1
107,1
108,1
109,1
110,1
111,1
112,1
113,1
114,1
116,1
116,1
19,1
118,1
119,1
120,1
4,1
124,1
46,1
43,1
126,1
127,1
72,1
141,1
137,1
72,1
101,1
113,1
141,1
142,1
143,1
144,1
42,1
149,1
150,1
137,1
0,1
44,1
42,1
30,1
29,1
43,1
6,1
7,1
8,1
8,1
72,1
11,1
12,1
13,1
14,1
144,1
16,1
38,1
102,1
19,1
61,1
61,1
61,1
24,1
8,1
39,1
48,1
8,1
29,1
32,1
31,1
56,1
57,1
34,1
35,1
36,1
144,1
38,1
39,1
38,1
38,1
43,1
43,1
8,1
1,1
66,1
47,1
53,1
54,1
121,1
66,1
54,1
4,1
54,1
55,1
56,1
57,1
58,1
59,1
61,1
61,1
64,1
8,1
43,1
65,1
59,1
67,1
56,1
68,1
47,1
71,1
43,1
73,1
73,1
100,1
101,1
102,1
103,1
104,1
105,1
106,1
107,1
108,1
109,1
110,1
111,1
112,1
120,1
114,1
115,1
116,1
117,1
118,1
119,1
120,1
121,1
71,1
25,1
137,1
69,1
126,1
127,1
139,1
137,1
137,1
137,1
150,1
129,1
127,1
47,1
143,1
144,1
145,1
42,1
57,1
137,1
78,1
75,1
76,1
95,1
78,1
82,1
109,1
86,1
82,1
83,1
85,1
85,1
86,1
74,1
88,1
84,1
90,1
91,1
92,1
95,1
130,1
95,1
96,1
133,1
98,1
130,1
131,1
132,1
133,1
92,1
135,1
76,1
130,1
0,1
1,1
2,1
68,1
4,1
41,1
6,1
7,1
8,1
44,1
10,1
113,1
54,1
13,1
14,1
15,1
16,1
5,1
13,1
19,1
61,1
21,1
66,1
23,1
108,1
8,1
26,1
149,1
25,1
29,1
30,1
31,1
32,1
33,1
144,1
125,1
36,1
144,1
33,1
26,1
5,1
5,1
42,1
15,1
44,1
44,1
46,1
47,1
42,1
54,1
121,1
50,1
49,1
151,1
151,1
139,1
72,1
8,1
58,1
59,1
7,1
116,1
47,1
29,1
64,1
29,1
66,1
47,1
71,1
71,1
150,1
71,1
72,1
73,1
152,1
100,1
101,1
102,1
58,1
104,1
105,1
106,1
107,1
108,1
109,1
143,1
111,1
112,1
113,1
114,1
116,1
116,1
117,1
118,1
119,1
120,1
121,1
46,1
46,1
127,1
125,1
126,1
100,1
124,1
139,1
137,1
137,1
137,1
66,1
140,1
141,1
141,1
143,1
144,1
14,1
115,1
28,1
141,1
99,1
100,1
101,1
102,1
103,1
104,1
105,1
106,1
107,1
108,1
109,1
110,1
111,1
112,1
120,1
114,1
116,1
116,1
117,1
118,1
119,1
120,1
74,1
75,1
76,1
86,1
78,1
148,1
80,1
85,1
82,1
83,1
85,1
85,1
86,1
143,1
88,1
89,1
90,1
91,1
92,1
131,1
94,1
95,1
80,1
97,1
98,1
93,1
132,1
133,1
148,1
135,1
146,1
76,1
17,1
1,1
37,1
121,1
4,1
21,1
6,1
7,1
8,1
44,1
10,1
11,1
12,1
13,1
14,1
15,1
16,1
140,1
18,1
19,1
20,1
21,1
61,1
7,1
24,1
25,1
26,1
27,1
28,1
29,1
30,1
19,1
32,1
33,1
34,1
47,1
36,1
37,1
38,1
39,1
36,1
43,1
144,1
72,1
9,1
125,1
46,1
47,1
25,1
29,1
50,1
121,1
71,1
53,1
54,1
110,1
56,1
57,1
58,1
3,1
60,1
66,1
36,1
47,1
64,1
65,1
66,1
31,1
36,1
39,1
70,1
71,1
72,1
73,1
74,1
75,1
77,1
79,1
80,1
80,1
82,1
83,1
84,1
85,1
87,1
87,1
88,1
89,1
90,1
91,1
92,1
93,1
85,1
95,1
80,1
97,1
77,1
99,1
32,1
101,1
102,1
103,1
104,1
105,1
143,1
107,1
108,1
109,1
110,1
111,1
112,1
113,1
114,1
116,1
116,1
117,1
118,1
119,1
120,1
30,1
124,1
124,1
124,1
36,1
126,1
127,1
26,1
93,1
78,1
132,1
133,1
134,1
135,1
137,1
71,1
138,1
139,1
140,1
141,1
142,1
143,1
34,1
34,1
146,1
75,1
149,1
150,1
151,1
106,1
17,1
1,1
16,1
3,1
4,1
5,1
6,1
7,1
8,1
9,1
10,1
11,1
12,1
13,1
14,1
15,1
16,1
17,1
18,1
19,1
20,1
21,1
66,1
7,1
24,1
25,1
17,1
27,1
8,1
29,1
30,1
31,1
32,1
33,1
34,1
125,1
36,1
15,1
38,1
39,1
43,1
43,1
145,1
43,1
44,1
125,1
46,1
36,1
28,1
52,1
50,1
49,1
49,1
53,1
54,1
55,1
56,1
57,1
58,1
60,1
60,1
20,1
62,1
63,1
64,1
35,1
59,1
37,1
36,1
70,1
64,1
29,1
72,1
73,1
107,1
100,1
101,1
145,1
103,1
104,1
105,1
106,1
107,1
108,1
109,1
110,1
111,1
112,1
113,1
114,1
115,1
115,1
117,1
118,1
119,1
120,1
121,1
124,1
46,1
124,1
36,1
126,1
127,1
50,1
129,1
136,1
137,1
138,1
139,1
147,1
7,1
142,1
73,1
144,1
145,1
149,1
41,1
137,1
90,1
75,1
76,1
95,1
78,1
79,1
80,1
76,1
80,1
83,1
84,1
84,1
76,1
87,1
88,1
89,1
90,1
91,1
92,1
93,1
94,1
95,1
96,1
97,1
83,1
130,1
78,1
132,1
133,1
134,1
135,1
78,1
82,1
0,1
1,1
67,1
20,1
54,1
17,1
6,1
7,1
8,1
44,1
10,1
11,1
12,1
13,1
14,1
15,1
16,1
17,1
18,1
19,1
20,1
21,1
22,1
23,1
24,1
25,1
116,1
27,1
28,1
71,1
30,1
31,1
32,1
33,1
34,1
145,1
24,1
37,1
38,1
39,1
40,1
26,1
42,1
43,1
44,1
3,1
46,1
47,1
25,1
52,1
50,1
52,1
28,1
53,1
54,1
55,1
56,1
57,1
58,1
59,1
60,1
61,1
24,1
63,1
70,1
65,1
66,1
67,1
68,1
69,1
37,1
29,1
72,1
73,1
99,1
100,1
101,1
102,1
103,1
104,1
105,1
106,1
106,1
108,1
56,1
110,1
111,1
112,1
105,1
114,1
115,1
116,1
117,1
19,1
119,1
120,1
121,1
151,1
123,1
124,1
43,1
126,1
127,1
128,1
129,1
137,1
137,1
138,1
139,1
149,1
141,1
142,1
143,1
144,1
73,1
149,1
150,1
137,1
89,1
75,1
76,1
77,1
78,1
79,1
80,1
81,1
82,1
135,1
84,1
84,1
86,1
78,1
88,1
89,1
90,1
91,1
92,1
93,1
94,1
95,1
96,1
97,1
98,1
130,1
78,1
132,1
133,1
134,1
135,1
146,1
88,1
0,1
1,1
37,1
63,1
54,1
17,1
6,1
7,1
8,1
147,1
44,1
11,1
12,1
144,1
14,1
13,1
16,1
17,1
18,1
19,1
20,1
21,1
23,1
23,1
2,1
25,1
39,1
27,1
8,1
29,1
30,1
31,1
32,1
33,1
125,1
145,1
36,1
67,1
38,1
39,1
41,1
38,1
42,1
43,1
44,1
44,1
127,1
47,1
10,1
49,1
29,1
17,1
44,1
52,1
54,1
55,1
21,1
33,1
58,1
59,1
61,1
20,1
62,1
142,1
64,1
63,1
66,1
104,1
69,1
69,1
67,1
7,1
72,1
143,1
105,1
57,1
101,1
18,1
103,1
69,1
105,1
139,1
107,1
57,1
56,1
110,1
111,1
101,1
113,1
55,1
115,1
116,1
117,1
118,1
106,1
120,1
121,1
46,1
46,1
46,1
125,1
63,1
127,1
71,1
43,1
71,1
137,1
72,1
139,1
149,1
141,1
142,1
143,1
125,1
14,1
149,1
13,1
137,1
74,1
75,1
76,1
77,1
78,1
79,1
80,1
81,1
76,1
87,1
85,1
85,1
86,1
131,1
88,1
89,1
90,1
91,1
92,1
93,1
94,1
95,1
96,1
97,1
98,1
95,1
78,1
132,1
133,1
134,1
135,1
146,1
75,1
24,1
1,1
2,1
30,1
4,1
44,1
6,1
7,1
8,1
10,1
25,1
11,1
12,1
13,1
14,1
16,1
16,1
16,1
18,1
117,1
66,1
30,1
22,1
7,1
24,1
25,1
26,1
45,1
25,1
71,1
30,1
31,1
32,1
33,1
34,1
35,1
36,1
37,1
41,1
39,1
31,1
41,1
42,1
118,1
44,1
45,1
46,1
47,1
25,1
4,1
50,1
121,1
4,1
53,1
54,1
55,1
56,1
33,1
103,1
59,1
60,1
121,1
62,1
63,1
5,1
47,1
66,1
67,1
68,1
69,1
70,1
71,1
72,1
73,1
99,1
100,1
101,1
102,1
103,1
104,1
105,1
106,1
107,1
108,1
103,1
110,1
111,1
112,1
113,1
114,1
115,1
116,1
117,1
118,1
119,1
120,1
5,1
124,1
124,1
124,1
125,1
126,1
127,1
51,1
19,1
136,1
150,1
138,1
5,1
140,1
141,1
142,1
143,1
144,1
145,1
149,1
150,1
138,1
131,1
75,1
78,1
77,1
132,1
135,1
80,1
131,1
82,1
83,1
84,1
85,1
131,1
87,1
88,1
89,1
77,1
91,1
92,1
93,1
94,1
93,1
80,1
97,1
98,1
77,1
93,1
132,1
133,1
134,1
135,1
146,1
148,1
125,1
34,1
2,1
3,1
54,1
30,1
141,1
7,1
8,1
10,1
25,1
11,1
12,1
13,1
145,1
144,1
16,1
121,1
18,1
19,1
20,1
21,1
22,1
23,1
125,1
25,1
39,1
28,1
28,1
71,1
30,1
31,1
32,1
33,1
34,1
145,1
125,1
67,1
38,1
39,1
24,1
24,1
42,1
24,1
44,1
45,1
46,1
47,1
25,1
49,1
50,1
51,1
52,1
141,1
54,1
143,1
56,1
47,1
103,1
61,1
20,1
60,1
65,1
29,1
36,1
150,1
66,1
67,1
68,1
69,1
67,1
71,1
72,1
143,1
99,1
100,1
101,1
102,1
103,1
104,1
105,1
106,1
107,1
108,1
103,1
110,1
111,1
112,1
113,1
143,1
115,1
116,1
117,1
118,1
119,1
120,1
71,1
122,1
122,1
10,1
125,1
126,1
127,1
124,1
129,1
136,1
137,1
103,1
5,1
42,1
66,1
142,1
55,1
144,1
145,1
149,1
150,1
151,1
87,1
75,1
76,1
78,1
131,1
8,1
131,1
80,1
80,1
83,1
84,1
75,1
86,1
78,1
88,1
88,1
90,1
91,1
92,1
93,1
94,1
130,1
96,1
97,1
98,1
130,1
131,1
132,1
133,1
134,1
135,1
146,1
87,1
0,1
9,1
24,1
23,1
4,1
5,1
6,1
7,1
8,1
10,1
10,1
11,1
12,1
13,1
14,1
13,1
16,1
8,1
18,1
19,1
20,1
21,1
22,1
23,1
24,1
25,1
26,1
27,1
10,1
29,1
30,1
31,1
32,1
33,1
144,1
35,1
36,1
2,1
38,1
39,1
41,1
41,1
42,1
43,1
44,1
45,1
46,1
47,1
48,1
142,1
49,1
122,1
8,1
66,1
54,1
110,1
56,1
57,1
58,1
59,1
60,1
66,1
62,1
29,1
64,1
62,1
66,1
67,1
68,1
2,1
24,1
1,1
72,1
143,1
107,1
32,1
101,1
102,1
103,1
119,1
105,1
106,1
107,1
108,1
109,1
110,1
111,1
112,1
113,1
143,1
115,1
149,1
117,1
118,1
119,1
120,1
51,1
124,1
124,1
66,1
64,1
126,1
127,1
124,1
129,1
136,1
137,1
138,1
139,1
140,1
141,1
142,1
143,1
144,1
145,1
129,1
150,1
151,1
0,1
1,1
2,1
21,1
4,1
63,1
123,1
49,1
8,1
9,1
10,1
11,1
12,1
13,1
14,1
15,1
16,1
20,1
18,1
19,1
63,1
21,1
66,1
7,1
24,1
25,1
100,1
25,1
28,1
4,1
30,1
24,1
32,1
33,1
13,1
14,1
36,1
37,1
38,1
39,1
41,1
41,1
42,1
41,1
44,1
45,1
46,1
47,1
28,1
54,1
29,1
29,1
49,1
49,1
54,1
55,1
56,1
57,1
58,1
59,1
66,1
61,1
45,1
63,1
64,1
65,1
66,1
67,1
68,1
69,1
70,1
71,1
72,1
117,1
73,1
100,1
101,1
102,1
103,1
104,1
105,1
106,1
107,1
108,1
109,1
110,1
111,1
112,1
113,1
114,1
115,1
116,1
117,1
118,1
119,1
120,1
20,1
71,1
124,1
53,1
64,1
126,1
127,1
138,1
5,1
137,1
137,1
58,1
139,1
140,1
141,1
142,1
143,1
144,1
45,1
149,1
150,1
137,1
131,1
75,1
75,1
77,1
78,1
79,1
82,1
81,1
82,1
83,1
85,1
85,1
86,1
87,1
88,1
89,1
90,1
91,1
92,1
131,1
94,1
95,1
96,1
97,1
98,1
130,1
131,1
132,1
133,1
148,1
135,1
146,1
133,1
76,1
84,1
76,1
77,1
78,1
79,1
80,1
148,1
76,1
78,1
84,1
84,1
76,1
131,1
88,1
89,1
90,1
91,1
92,1
93,1
94,1
95,1
80,1
97,1
98,1
130,1
132,1
132,1
133,1
148,1
135,1
146,1
148,1
0,1
47,1
34,1
3,1
4,1
66,1
124,1
7,1
8,1
9,1
10,1
11,1
12,1
13,1
63,1
13,1
14,1
153,1
18,1
19,1
20,1
21,1
22,1
23,1
24,1
25,1
26,1
27,1
48,1
29,1
30,1
31,1
32,1
33,1
45,1
144,1
36,1
37,1
41,1
116,1
41,1
41,1
42,1
43,1
9,1
25,1
46,1
47,1
48,1
49,1
50,1
49,1
52,1
53,1
54,1
110,1
56,1
57,1
58,1
59,1
60,1
61,1
63,1
125,1
64,1
125,1
61,1
37,1
68,1
70,1
65,1
29,1
72,1
73,1
99,1
32,1
102,1
102,1
103,1
104,1
105,1
106,1
107,1
24,1
109,1
110,1
111,1
112,1
113,1
114,1
26,1
116,1
117,1
118,1
119,1
120,1
51,1
151,1
123,1
123,1
38,1
138,1
127,1
142,1
129,1
136,1
136,1
138,1
139,1
140,1
141,1
142,1
143,1
144,1
145,1
129,1
41,1
151,1
74,1
75,1
76,1
77,1
78,1
74,1
80,1
82,1
82,1
83,1
84,1
84,1
86,1
131,1
84,1
90,1
91,1
92,1
131,1
94,1
95,1
96,1
97,1
90,1
130,1
78,1
132,1
133,1
134,1
135,1
146,1
148,1
125,1
1,1
2,1
3,1
4,1
5,1
141,1
7,1
8,1
10,1
25,1
11,1
12,1
13,1
14,1
145,1
14,1
5,1
18,1
19,1
66,1
21,1
32,1
66,1
24,1
25,1
129,1
3,1
8,1
71,1
30,1
24,1
32,1
125,1
24,1
35,1
125,1
24,1
41,1
38,1
125,1
145,1
42,1
125,1
28,1
45,1
46,1
47,1
8,1
4,1
50,1
44,1
51,1
154,1
54,1
55,1
56,1
57,1
103,1
59,1
20,1
61,1
13,1
145,1
18,1
14,1
66,1
144,1
38,1
69,1
70,1
71,1
72,1
11,1
21,1
137,1
128,1
124,1
34,1
126,1
6,1
142,1
129,1
137,1
66,1
12,1
18,1
113,1
10,1
142,1
143,1
144,1
35,1
129,1
150,1
151,1
0,1
125,1
24,1
21,1
4,1
60,1
7,1
3,1
25,1
10,1
25,1
11,1
12,1
14,1
14,1
15,1
15,1
66,1
47,1
55,1
63,1
21,1
22,1
23,1
125,1
45,1
39,1
27,1
28,1
29,1
14,1
15,1
32,1
47,1
34,1
14,1
36,1
125,1
38,1
39,1
43,1
41,1
42,1
38,1
44,1
125,1
141,1
47,1
28,1
50,1
50,1
44,1
52,1
9,1
54,1
55,1
56,1
57,1
58,1
59,1
60,1
61,1
24,1
36,1
64,1
14,1
66,1
62,1
38,1
69,1
64,1
71,1
72,1
73,1
3,1
137,1
123,1
124,1
125,1
126,1
127,1
137,1
129,1
137,1
137,1
138,1
60,1
126,1
124,1
142,1
143,1
144,1
16,1
129,1
142,1
151,1
73,1
100,1
101,1
101,1
103,1
119,1
73,1
106,1
107,1
108,1
109,1
110,1
111,1
112,1
101,1
55,1
116,1
11,1
110,1
19,1
119,1
120,1
93,1
75,1
93,1
77,1
131,1
79,1
80,1
81,1
82,1
83,1
84,1
85,1
86,1
87,1
88,1
89,1
90,1
91,1
92,1
93,1
94,1
95,1
80,1
84,1
98,1
130,1
131,1
132,1
133,1
134,1
135,1
146,1
148,1
0,1
1,1
150,1
66,1
4,1
46,1
66,1
7,1
10,1
9,1
25,1
11,1
12,1
13,1
14,1
144,1
35,1
5,1
18,1
19,1
20,1
21,1
60,1
23,1
24,1
10,1
26,1
27,1
28,1
29,1
30,1
31,1
32,1
33,1
34,1
35,1
36,1
37,1
30,1
26,1
65,1
38,1
1,1
43,1
44,1
47,1
46,1
34,1
25,1
4,1
50,1
52,1
52,1
53,1
54,1
55,1
56,1
57,1
58,1
59,1
61,1
61,1
125,1
29,1
5,1
65,1
66,1
67,1
27,1
56,1
70,1
71,1
72,1
73,1
65,1
123,1
123,1
53,1
125,1
126,1
127,1
124,1
129,1
136,1
137,1
138,1
139,1
140,1
141,1
142,1
143,1
144,1
145,1
149,1
150,1
53,1
99,1
100,1
101,1
102,1
109,1
104,1
105,1
106,1
107,1
108,1
109,1
110,1
111,1
112,1
113,1
114,1
115,1
116,1
117,1
118,1
104,1
105,1
90,1
75,1
76,1
77,1
78,1
79,1
82,1
88,1
82,1
83,1
84,1
84,1
86,1
87,1
88,1
89,1
90,1
91,1
92,1
132,1
94,1
95,1
96,1
130,1
98,1
130,1
130,1
90,1
89,1
134,1
135,1
146,1
76,1
0,1
1,1
2,1
6,1
52,1
17,1
6,1
7,1
8,1
9,1
10,1
12,1
12,1
13,1
14,1
14,1
16,1
6,1
18,1
43,1
20,1
21,1
66,1
23,1
24,1
10,1
26,1
44,1
28,1
29,1
30,1
31,1
32,1
33,1
34,1
35,1
36,1
67,1
38,1
39,1
38,1
38,1
17,1
43,1
10,1
125,1
7,1
47,1
44,1
52,1
50,1
52,1
54,1
46,1
54,1
110,1
56,1
33,1
109,1
59,1
61,1
61,1
62,1
63,1
125,1
65,1
20,1
34,1
68,1
69,1
70,1
71,1
3,1
73,1
121,1
122,1
123,1
46,1
60,1
126,1
127,1
9,1
129,1
136,1
151,1
138,1
139,1
140,1
141,1
128,1
143,1
144,1
145,1
149,1
150,1
53,1
107,1
5,1
101,1
102,1
103,1
104,1
105,1
106,1
107,1
108,1
109,1
110,1
33,1
108,1
113,1
114,1
116,1
116,1
117,1
118,1
119,1
120,1
86,1
75,1
93,1
77,1
78,1
79,1
80,1
85,1
82,1
83,1
84,1
84,1
131,1
131,1
84,1
89,1
90,1
91,1
92,1
93,1
94,1
77,1
82,1
97,1
98,1
131,1
131,1
132,1
133,1
134,1
135,1
130,1
81,1
21,1
61,1
60,1
100,1
29,1
108,1
143,1
59,1
18,1
60,1
50,1
139,1
151,1
64,1
18,1
124,1
33,1
118,1
110,1
114,1
33,1
118,1
150,1
33,1
60,1
8,1
117,1
36,1
0,1
33,1
149,1
64,1
151,1
144,1
69,1
47,1
18,1
118,1
64,1
115,1
18,1
117,1
64,1
36,1
137,1
36,1
103,1
151,1
125,1
143,1
114,1
150,1
60,1
69,1
46,1
38,1
140,1
8,1
107,1
18,1
149,1
109,1
64,1
33,1
64,1
114,1
149,1
125,1
64,1
116,1
113,1
125,1
56,1
69,1
99,1
64,1
123,1
46,1
57,1
119,1
69,1
54,1
126,1
127,1
8,1
57,1
46,1
54,1
119,1
33,1
151,1
61,1
33,1
36,1
31,1
18,1
114,1
139,1
19,1
52,1
64,1
99,1
16,1
61,1
26,1
110,1
125,1
118,1
113,1
114,1
117,1
113,1
149,1
116,1
113,1
36,1
11,1
21,1
82,1
88,1
132,1
146,1
146,1
93,1
86,1
78,1
133,1
83,1
83,1
95,1
135,1
135,1
94,1
69,1
131,1
135,1
86,1
131,1
131,1
130,1
134,1
95,1
80,1
95,1
83,1
132,1
141,1
98,1
82,1
95,1
86,1
0,1
125,1
2,1
17,1
50,1
3,1
20,1
7,1
8,1
9,1
10,1
11,1
12,1
13,1
14,1
15,1
16,1
30,1
18,1
19,1
61,1
21,1
22,1
23,1
108,1
25,1
26,1
27,1
28,1
13,1
30,1
31,1
32,1
47,1
34,1
35,1
36,1
118,1
36,1
31,1
24,1
41,1
102,1
38,1
28,1
10,1
127,1
47,1
48,1
7,1
4,1
46,1
127,1
46,1
53,1
55,1
56,1
57,1
58,1
59,1
60,1
61,1
30,1
29,1
30,1
63,1
60,1
67,1
40,1
69,1
24,1
29,1
43,1
73,1
121,1
124,1
46,1
99,1
100,1
101,1
109,1
103,1
25,1
13,1
39,1
25,1
28,1
41,1
30,1
136,1
138,1
142,1
140,1
123,1
142,1
143,1
144,1
145,1
149,1
24,1
141,1
110,1
105,1
55,1
107,1
108,1
103,1
72,1
111,1
119,1
25,1
101,1
113,1
27,1
113,1
118,1
25,1
25,1
77,1
75,1
77,1
77,1
78,1
74,1
80,1
77,1
80,1
83,1
85,1
84,1
86,1
78,1
85,1
89,1
90,1
91,1
92,1
93,1
94,1
95,1
96,1
81,1
86,1
130,1
131,1
132,1
133,1
134,1
135,1
146,1
87,1
0,1
14,1
15,1
3,1
29,1
3,1
141,1
61,1
32,1
53,1
25,1
34,1
12,1
13,1
14,1
14,1
66,1
17,1
18,1
31,1
30,1
21,1
22,1
66,1
40,1
32,1
100,1
27,1
32,1
29,1
22,1
41,1
32,1
63,1
15,1
14,1
36,1
31,1
30,1
56,1
0,1
41,1
126,1
23,1
44,1
71,1
122,1
8,1
32,1
4,1
121,1
17,1
60,1
53,1
54,1
102,1
56,1
57,1
58,1
22,1
60,1
60,1
65,1
63,1
36,1
65,1
22,1
45,1
25,1
69,1
41,1
71,1
72,1
107,1
61,1
141,1
46,1
123,1
41,1
142,1
127,1
129,1
137,1
122,1
53,1
139,1
66,1
141,1
46,1
143,1
144,1
14,1
23,1
8,1
7,1
99,1
100,1
109,1
102,1
103,1
105,1
105,1
106,1
107,1
108,1
3,1
110,1
111,1
112,1
113,1
114,1
115,1
116,1
117,1
118,1
106,1
120,1
88,1
75,1
96,1
77,1
78,1
79,1
96,1
75,1
82,1
90,1
94,1
84,1
80,1
87,1
94,1
75,1
90,1
132,1
92,1
78,1
94,1
148,1
79,1
134,1
98,1
130,1
83,1
132,1
133,1
134,1
87,1
146,1
79,1
0,1
1,1
2,1
21,1
4,1
5,1
6,1
7,1
10,1
9,1
10,1
11,1
12,1
13,1
0,1
34,1
16,1
5,1
18,1
19,1
20,1
21,1
22,1
23,1
36,1
25,1
26,1
27,1
28,1
29,1
30,1
37,1
32,1
8,1
34,1
14,1
36,1
37,1
38,1
39,1
36,1
38,1
63,1
108,1
44,1
24,1
46,1
47,1
25,1
54,1
4,1
51,1
52,1
53,1
54,1
55,1
56,1
57,1
58,1
59,1
60,1
61,1
62,1
30,1
0,1
2,1
66,1
67,1
68,1
69,1
70,1
71,1
151,1
72,1
105,1
121,1
122,1
123,1
122,1
125,1
126,1
127,1
26,1
151,1
128,1
72,1
139,1
118,1
141,1
142,1
143,1
144,1
47,1
149,1
41,1
53,1
99,1
100,1
101,1
18,1
109,1
104,1
105,1
106,1
107,1
108,1
109,1
106,1
111,1
112,1
113,1
114,1
116,1
116,1
117,1
118,1
119,1
120,1
74,1
75,1
76,1
77,1
78,1
79,1
80,1
81,1
82,1
83,1
84,1
84,1
86,1
87,1
88,1
84,1
90,1
91,1
92,1
93,1
94,1
95,1
80,1
97,1
74,1
131,1
132,1
133,1
134,1
135,1
146,1
148,1
151,1
74,1
87,1
76,1
77,1
78,1
79,1
80,1
81,1
82,1
83,1
84,1
84,1
86,1
78,1
88,1
89,1
90,1
91,1
92,1
93,1
89,1
79,1
96,1
94,1
98,1
130,1
131,1
132,1
133,1
134,1
135,1
89,1
87,1
0,1
1,1
2,1
20,1
4,1
6,1
7,1
8,1
25,1
11,1
12,1
1,1
35,1
15,1
14,1
17,1
64,1
114,1
20,1
56,1
22,1
23,1
125,1
25,1
56,1
27,1
72,1
29,1
24,1
32,1
33,1
34,1
35,1
36,1
37,1
38,1
39,1
24,1
40,1
42,1
43,1
44,1
45,1
46,1
24,1
10,1
4,1
121,1
23,1
20,1
136,1
54,1
55,1
69,1
57,1
58,1
59,1
20,1
61,1
125,1
69,1
64,1
43,1
66,1
125,1
72,1
69,1
70,1
69,1
72,1
112,1
121,1
127,1
123,1
122,1
125,1
68,1
127,1
72,1
137,1
137,1
141,1
139,1
114,1
141,1
68,1
143,1
144,1
35,1
149,1
24,1
137,1
116,1
32,1
101,1
102,1
109,1
104,1
42,1
105,1
107,1
108,1
109,1
143,1
111,1
112,1
113,1
114,1
115,1
114,1
110,1
118,1
116,1
120,1
78,1
84,1
78,1
77,1
78,1
79,1
80,1
148,1
85,1
83,1
85,1
85,1
78,1
78,1
88,1
94,1
90,1
91,1
92,1
131,1
94,1
85,1
80,1
89,1
98,1
146,1
131,1
132,1
133,1
134,1
135,1
146,1
76,1
0,1
1,1
2,1
21,1
5,1
6,1
7,1
63,1
9,1
25,1
11,1
12,1
13,1
14,1
15,1
16,1
5,1
18,1
19,1
20,1
21,1
22,1
7,1
0,1
25,1
39,1
27,1
28,1
29,1
30,1
31,1
32,1
33,1
34,1
35,1
36,1
37,1
41,1
39,1
41,1
41,1
42,1
72,1
44,1
45,1
122,1
47,1
129,1
54,1
51,1
51,1
53,1
137,1
4,1
55,1
56,1
57,1
103,1
59,1
60,1
61,1
68,1
63,1
0,1
65,1
66,1
67,1
68,1
67,1
71,1
72,1
99,1
4,1
122,1
123,1
124,1
45,1
126,1
127,1
122,1
129,1
129,1
136,1
137,1
138,1
139,1
140,1
141,1
129,1
129,1
142,1
143,1
144,1
35,1
149,1
150,1
151,1
99,1
100,1
101,1
101,1
103,1
104,1
105,1
106,1
107,1
153,1
129,1
108,1
109,1
110,1
111,1
112,1
113,1
143,1
116,1
116,1
117,1
118,1
119,1
120,1
129,1
129,1
74,1
75,1
76,1
81,1
76,1
79,1
80,1
85,1
82,1
86,1
76,1
146,1
90,1
95,1
82,1
89,1
90,1
91,1
92,1
93,1
94,1
95,1
96,1
130,1
98,1
130,1
131,1
132,1
84,1
92,1
135,1
146,1
148,1
0,1
1,1
2,1
52,1
4,1
17,1
6,1
61,1
28,1
10,1
10,1
11,1
71,1
145,1
14,1
16,1
38,1
38,1
18,1
19,1
20,1
61,1
20,1
66,1
24,1
10,1
129,1
52,1
10,1
66,1
108,1
11,1
72,1
57,1
43,1
35,1
36,1
67,1
38,1
26,1
38,1
38,1
42,1
118,1
44,1
45,1
6,1
47,1
8,1
4,1
29,1
52,1
61,1
4,1
66,1
127,1
56,1
57,1
59,1
59,1
22,1
121,1
62,1
65,1
64,1
62,1
66,1
142,1
68,1
69,1
70,1
71,1
72,1
73,1
6,1
124,1
35,1
124,1
45,1
126,1
127,1
39,1
137,1
137,1
138,1
139,1
140,1
141,1
66,1
143,1
144,1
145,1
17,1
24,1
124,1
99,1
141,1
101,1
102,1
141,1
104,1
105,1
143,1
107,1
108,1
22,1
110,1
111,1
112,1
140,1
114,1
115,1
116,1
37,1
118,1
119,1
120,1
0,1
1,1
37,1
3,1
4,1
5,1
6,1
7,1
18,1
10,1
8,1
11,1
12,1
13,1
14,1
7,1
16,1
5,1
18,1
19,1
60,1
30,1
61,1
30,1
108,1
8,1
26,1
27,1
18,1
29,1
30,1
41,1
32,1
33,1
34,1
35,1
36,1
37,1
64,1
39,1
43,1
41,1
42,1
43,1
44,1
25,1
46,1
47,1
48,1
49,1
4,1
51,1
52,1
32,1
54,1
55,1
56,1
48,1
58,1
23,1
60,1
61,1
36,1
47,1
30,1
38,1
60,1
24,1
68,1
69,1
70,1
62,1
72,1
73,1
3,1
71,1
126,1
43,1
69,1
147,1
127,1
26,1
140,1
64,1
108,1
102,1
140,1
46,1
30,1
139,1
26,1
145,1
59,1
99,1
149,1
150,1
137,1
59,1
1,1
21,1
125,1
1,1
24,1
5,1
4,1
5,1
6,1
7,1
8,1
9,1
10,1
11,1
12,1
13,1
14,1
13,1
16,1
5,1
18,1
19,1
20,1
21,1
23,1
23,1
24,1
25,1
26,1
27,1
28,1
63,1
30,1
31,1
32,1
33,1
34,1
14,1
36,1
37,1
38,1
39,1
41,1
38,1
42,1
72,1
44,1
125,1
46,1
47,1
8,1
4,1
4,1
51,1
4,1
51,1
54,1
110,1
56,1
57,1
58,1
59,1
60,1
61,1
125,1
63,1
30,1
62,1
66,1
67,1
68,1
71,1
70,1
71,1
72,1
55,1
5,1
124,1
123,1
123,1
125,1
126,1
127,1
59,1
136,1
137,1
72,1
139,1
16,1
141,1
142,1
143,1
144,1
152,1
147,1
17,1
125,1
151,1
152,1
153,1
35,1
99,1
100,1
101,1
102,1
103,1
42,1
105,1
106,1
107,1
108,1
109,1
110,1
111,1
112,1
113,1
114,1
115,1
26,1
117,1
118,1
119,1
120,1
78,1
75,1
76,1
77,1
78,1
90,1
80,1
88,1
82,1
83,1
84,1
85,1
131,1
87,1
88,1
89,1
90,1
91,1
92,1
93,1
94,1
85,1
80,1
133,1
98,1
131,1
131,1
132,1
133,1
131,1
83,1
77,1
85,1
0,1
1,1
2,1
3,1
4,1
17,1
6,1
7,1
8,1
10,1
10,1
11,1
12,1
13,1
14,1
15,1
16,1
5,1
18,1
19,1
20,1
21,1
22,1
23,1
24,1
25,1
26,1
25,1
25,1
71,1
30,1
31,1
32,1
33,1
34,1
35,1
40,1
2,1
38,1
39,1
40,1
38,1
42,1
72,1
44,1
45,1
23,1
47,1
25,1
4,1
49,1
57,1
8,1
53,1
4,1
55,1
56,1
57,1
103,1
59,1
60,1
61,1
29,1
71,1
64,1
65,1
66,1
67,1
71,1
69,1
70,1
71,1
72,1
73,1
4,1
122,1
124,1
124,1
125,1
126,1
127,1
136,1
136,1
137,1
138,1
139,1
140,1
141,1
142,1
143,1
34,1
145,1
22,1
149,1
150,1
137,1
152,1
154,1
154,1
120,1
100,1
112,1
102,1
103,1
125,1
120,1
106,1
107,1
108,1
56,1
110,1
111,1
112,1
113,1
114,1
117,1
117,1
117,1
118,1
119,1
105,1
131,1
75,1
130,1
95,1
77,1
130,1
80,1
81,1
82,1
83,1
84,1
85,1
86,1
87,1
88,1
89,1
132,1
91,1
92,1
93,1
94,1
93,1
80,1
97,1
98,1
131,1
131,1
132,1
133,1
134,1
25,1
146,1
77,1
