7,1
55,1
56,1
18,1
58,1
59,1
60,1
61,1
36,1
63,1
15,1
16,1
66,1
15,1
68,1
12,1
37,1
71,1
72,1
73,1
73,1
56,1
101,1
55,1
109,1
104,1
99,1
106,1
107,1
108,1
109,1
110,1
111,1
112,1
113,1
114,1
115,1
115,1
41,1
19,1
119,1
120,1
53,1
71,1
36,1
6,1
29,1
129,1
65,1
1,1
37,1
21,1
4,1
25,1
127,1
7,1
8,1
9,1
45,1
11,1
12,1
13,1
109,1
5,1
65,1
35,1
13,1
15,1
59,1
21,1
22,1
23,1
36,1
25,1
115,1
41,1
28,1
71,1
30,1
18,1
32,1
33,1
34,1
14,1
36,1
67,1
68,1
72,1
31,1
21,1
1,1
43,1
42,1
35,1
46,1
47,1
28,1
49,1
121,1
151,1
51,1
46,1
7,1
68,1
30,1
9,1
58,1
59,1
61,1
61,1
67,1
63,1
64,1
63,1
22,1
67,1
62,1
16,1
65,1
71,1
72,1
107,1
99,1
45,1
101,1
139,1
58,1
104,1
105,1
107,1
107,1
108,1
58,1
55,1
30,1
112,1
113,1
114,1
116,1
3,1
21,1
43,1
119,1
120,1
121,1
46,1
124,1
36,1
109,1
30,1
26,1
138,1
137,1
138,1
139,1
113,1
141,1
140,1
143,1
18,1
14,1
103,1
147,1
151,1
36,1
18,1
2,1
21,1
4,1
17,1
6,1
7,1
28,1
100,1
10,1
11,1
109,1
13,1
109,1
16,1
16,1
23,1
18,1
19,1
61,1
21,1
22,1
100,1
24,1
28,1
115,1
0,1
48,1
61,1
3,1
22,1
32,1
18,1
32,1
14,1
36,1
24,1
41,1
115,1
31,1
39,1
42,1
31,1
44,1
68,1
46,1
18,1
48,1
29,1
6,1
4,1
29,1
53,1
54,1
55,1
56,1
32,1
58,1
59,1
60,1
61,1
13,1
63,1
31,1
65,1
22,1
16,1
118,1
56,1
16,1
29,1
72,1
73,1
99,1
32,1
101,1
56,1
58,1
104,1
113,1
106,1
107,1
108,1
21,1
55,1
15,1
112,1
113,1
114,1
116,1
116,1
117,1
21,1
119,1
120,1
29,1
46,1
46,1
36,1
140,1
46,1
72,1
141,1
126,1
5,1
66,1
140,1
46,1
52,1
73,1
15,1
14,1
117,1
100,1
140,1
74,1
75,1
76,1
130,1
78,1
93,1
80,1
133,1
82,1
82,1
95,1
88,1
87,1
97,1
88,1
133,1
90,1
91,1
92,1
93,1
94,1
97,1
96,1
97,1
98,1
130,1
86,1
86,1
133,1
92,1
135,1
130,1
148,1
40,1
10,1
37,1
30,1
7,1
5,1
6,1
56,1
8,1
9,1
10,1
11,1
12,1
14,1
13,1
16,1
16,1
28,1
18,1
19,1
20,1
21,1
61,1
23,1
24,1
25,1
26,1
27,1
28,1
49,1
30,1
31,1
10,1
33,1
64,1
16,1
36,1
37,1
40,1
39,1
15,1
115,1
42,1
31,1
5,1
45,1
46,1
47,1
48,1
29,1
49,1
14,1
121,1
122,1
49,1
73,1
21,1
57,1
58,1
59,1
60,1
60,1
62,1
63,1
62,1
67,1
66,1
70,1
68,1
69,1
70,1
71,1
72,1
73,1
99,1
1,1
101,1
42,1
58,1
104,1
105,1
106,1
107,1
108,1
109,1
55,1
111,1
112,1
43,1
114,1
3,1
116,1
3,1
69,1
119,1
120,1
4,1
137,1
46,1
123,1
62,1
126,1
127,1
129,1
137,1
151,1
66,1
139,1
17,1
141,1
142,1
143,1
13,1
14,1
115,1
42,1
122,1
63,1
1,1
47,1
22,1
49,1
22,1
136,1
7,1
57,1
22,1
10,1
11,1
56,1
13,1
14,1
15,1
17,1
17,1
18,1
72,1
61,1
21,1
22,1
22,1
150,1
22,1
141,1
23,1
28,1
29,1
30,1
36,1
32,1
33,1
23,1
31,1
36,1
24,1
31,1
24,1
24,1
41,1
140,1
72,1
22,1
56,1
53,1
23,1
9,1
50,1
7,1
141,1
52,1
150,1
53,1
56,1
56,1
141,1
139,1
59,1
60,1
61,1
118,1
71,1
36,1
65,1
6,1
24,1
68,1
129,1
68,1
29,1
141,1
73,1
99,1
46,1
101,1
47,1
103,1
104,1
44,1
105,1
107,1
108,1
109,1
58,1
18,1
112,1
113,1
19,1
115,1
115,1
31,1
118,1
104,1
120,1
138,1
14,1
46,1
150,1
127,1
124,1
17,1
86,1
75,1
87,1
146,1
87,1
130,1
80,1
89,1
82,1
83,1
84,1
84,1
86,1
87,1
88,1
133,1
90,1
91,1
92,1
131,1
94,1
85,1
96,1
97,1
98,1
130,1
93,1
132,1
133,1
134,1
135,1
146,1
148,1
35,1
9,1
2,1
62,1
4,1
27,1
65,1
7,1
27,1
9,1
9,1
144,1
12,1
34,1
17,1
13,1
21,1
4,1
47,1
129,1
21,1
21,1
30,1
21,1
35,1
25,1
26,1
30,1
30,1
29,1
30,1
116,1
32,1
8,1
144,1
35,1
65,1
16,1
3,1
39,1
65,1
42,1
35,1
30,1
1,1
121,1
61,1
145,1
32,1
29,1
4,1
3,1
66,1
52,1
54,1
73,1
73,1
103,1
66,1
20,1
61,1
62,1
145,1
35,1
62,1
5,1
65,1
62,1
65,1
62,1
52,1
136,1
73,1
15,1
103,1
101,1
109,1
20,1
104,1
106,1
73,1
107,1
108,1
103,1
73,1
73,1
112,1
113,1
114,1
136,1
105,1
70,1
26,1
119,1
120,1
53,1
124,1
27,1
17,1
6,1
60,1
5,1
15,1
141,1
142,1
143,1
144,1
30,1
20,1
27,1
65,1
0,1
1,1
67,1
3,1
4,1
149,1
6,1
7,1
57,1
9,1
25,1
11,1
12,1
13,1
14,1
18,1
16,1
64,1
68,1
19,1
61,1
21,1
22,1
23,1
108,1
25,1
26,1
27,1
18,1
62,1
68,1
31,1
32,1
33,1
34,1
45,1
36,1
2,1
72,1
39,1
36,1
38,1
42,1
43,1
44,1
25,1
46,1
18,1
28,1
4,1
50,1
49,1
50,1
50,1
4,1
55,1
56,1
57,1
58,1
59,1
60,1
61,1
67,1
63,1
36,1
65,1
61,1
0,1
62,1
69,1
37,1
71,1
108,1
55,1
99,1
100,1
106,1
102,1
103,1
104,1
105,1
106,1
107,1
108,1
58,1
55,1
111,1
112,1
113,1
114,1
113,1
116,1
117,1
43,1
119,1
120,1
136,1
126,1
124,1
62,1
126,1
123,1
56,1
50,1
136,1
65,1
47,1
140,1
141,1
111,1
143,1
47,1
15,1
26,1
115,1
71,1
41,1
1,1
31,1
21,1
46,1
52,1
6,1
46,1
8,1
28,1
10,1
11,1
12,1
13,1
13,1
15,1
145,1
17,1
18,1
129,1
22,1
22,1
22,1
23,1
150,1
25,1
115,1
27,1
28,1
63,1
30,1
116,1
127,1
18,1
34,1
35,1
36,1
37,1
43,1
39,1
116,1
31,1
42,1
43,1
9,1
40,1
46,1
21,1
100,1
46,1
121,1
151,1
54,1
53,1
7,1
24,1
56,1
25,1
58,1
59,1
60,1
61,1
68,1
0,1
64,1
65,1
59,1
0,1
68,1
12,1
2,1
151,1
21,1
55,1
99,1
56,1
101,1
56,1
103,1
104,1
105,1
106,1
107,1
108,1
109,1
110,1
55,1
47,1
113,1
114,1
26,1
115,1
40,1
43,1
112,1
120,1
4,1
124,1
124,1
24,1
126,1
32,1
31,1
16,1
137,1
138,1
101,1
117,1
141,1
151,1
143,1
125,1
42,1
149,1
22,1
151,1
16,1
8,1
42,1
30,1
29,1
140,1
6,1
6,1
8,1
10,1
68,1
11,1
12,1
144,1
14,1
18,1
16,1
16,1
1,1
113,1
61,1
61,1
66,1
40,1
48,1
39,1
1,1
8,1
54,1
28,1
125,1
56,1
33,1
35,1
35,1
43,1
144,1
5,1
116,1
118,1
72,1
149,1
5,1
39,1
47,1
66,1
47,1
27,1
54,1
50,1
54,1
49,1
54,1
54,1
55,1
56,1
57,1
58,1
59,1
60,1
54,1
30,1
109,1
43,1
50,1
66,1
15,1
53,1
144,1
144,1
139,1
69,1
73,1
73,1
100,1
101,1
109,1
21,1
104,1
105,1
106,1
107,1
108,1
21,1
55,1
110,1
112,1
120,1
114,1
149,1
149,1
117,1
43,1
119,1
120,1
121,1
4,1
61,1
122,1
56,1
58,1
6,1
128,1
128,1
141,1
136,1
30,1
43,1
16,1
22,1
143,1
144,1
138,1
140,1
72,1
138,1
78,1
75,1
76,1
130,1
80,1
79,1
80,1
77,1
87,1
83,1
84,1
84,1
74,1
74,1
88,1
97,1
98,1
93,1
134,1
95,1
77,1
95,1
96,1
81,1
98,1
130,1
93,1
132,1
130,1
134,1
135,1
74,1
76,1
0,1
44,1
47,1
65,1
142,1
36,1
122,1
7,1
48,1
126,1
108,1
149,1
12,1
64,1
14,1
15,1
15,1
16,1
14,1
149,1
20,1
32,1
61,1
152,1
68,1
57,1
37,1
15,1
48,1
7,1
30,1
64,1
13,1
35,1
144,1
34,1
5,1
144,1
13,1
27,1
108,1
125,1
42,1
15,1
44,1
9,1
46,1
147,1
42,1
49,1
50,1
4,1
4,1
53,1
128,1
143,1
56,1
57,1
58,1
59,1
56,1
30,1
67,1
29,1
14,1
121,1
66,1
70,1
65,1
11,1
18,1
69,1
60,1
73,1
140,1
9,1
101,1
18,1
58,1
119,1
105,1
106,1
107,1
120,1
109,1
55,1
143,1
112,1
113,1
114,1
116,1
115,1
117,1
72,1
119,1
120,1
152,1
46,1
123,1
123,1
125,1
126,1
66,1
139,1
126,1
137,1
137,1
126,1
126,1
140,1
141,1
142,1
143,1
47,1
145,1
26,1
33,1
54,1
99,1
1,1
101,1
102,1
103,1
104,1
138,1
106,1
107,1
69,1
109,1
110,1
111,1
119,1
113,1
114,1
116,1
115,1
117,1
69,1
119,1
120,1
74,1
75,1
76,1
93,1
74,1
79,1
80,1
81,1
82,1
83,1
84,1
85,1
74,1
93,1
88,1
89,1
90,1
91,1
92,1
134,1
94,1
77,1
96,1
97,1
148,1
93,1
95,1
133,1
134,1
135,1
146,1
135,1
16,1
44,1
37,1
5,1
50,1
5,1
6,1
7,1
8,1
25,1
9,1
11,1
12,1
13,1
13,1
15,1
14,1
113,1
13,1
117,1
20,1
21,1
22,1
23,1
36,1
62,1
26,1
27,1
8,1
29,1
3,1
31,1
32,1
47,1
144,1
43,1
36,1
117,1
43,1
39,1
36,1
43,1
42,1
72,1
9,1
108,1
46,1
47,1
44,1
50,1
50,1
63,1
71,1
53,1
151,1
55,1
21,1
44,1
58,1
59,1
60,1
66,1
62,1
102,1
16,1
63,1
20,1
37,1
24,1
69,1
37,1
71,1
72,1
73,1
74,1
75,1
77,1
79,1
80,1
81,1
80,1
83,1
84,1
85,1
74,1
87,1
88,1
94,1
98,1
91,1
134,1
93,1
94,1
87,1
83,1
97,1
132,1
99,1
32,1
101,1
47,1
58,1
104,1
19,1
106,1
107,1
47,1
109,1
116,1
110,1
112,1
113,1
114,1
116,1
39,1
19,1
43,1
119,1
120,1
3,1
71,1
122,1
128,1
41,1
126,1
9,1
43,1
130,1
78,1
131,1
133,1
134,1
135,1
136,1
137,1
138,1
139,1
140,1
46,1
147,1
107,1
13,1
47,1
146,1
148,1
140,1
59,1
151,1
73,1
16,1
1,1
15,1
3,1
4,1
5,1
6,1
7,1
28,1
9,1
10,1
11,1
12,1
13,1
14,1
15,1
16,1
17,1
13,1
17,1
20,1
56,1
22,1
3,1
56,1
10,1
5,1
27,1
13,1
29,1
30,1
0,1
57,1
18,1
1,1
34,1
62,1
15,1
36,1
0,1
64,1
31,1
42,1
36,1
14,1
45,1
6,1
68,1
48,1
50,1
49,1
51,1
52,1
51,1
54,1
55,1
56,1
57,1
58,1
64,1
60,1
20,1
36,1
63,1
37,1
70,1
66,1
16,1
36,1
70,1
15,1
29,1
72,1
73,1
107,1
32,1
139,1
13,1
103,1
73,1
105,1
106,1
107,1
108,1
109,1
110,1
139,1
112,1
113,1
114,1
115,1
115,1
117,1
64,1
119,1
120,1
3,1
46,1
46,1
122,1
36,1
126,1
127,1
29,1
149,1
136,1
121,1
138,1
16,1
140,1
141,1
142,1
73,1
144,1
21,1
149,1
24,1
151,1
76,1
75,1
76,1
95,1
78,1
130,1
80,1
81,1
83,1
83,1
84,1
85,1
76,1
87,1
88,1
89,1
90,1
91,1
92,1
93,1
94,1
81,1
83,1
97,1
83,1
130,1
131,1
87,1
133,1
75,1
135,1
146,1
148,1
0,1
45,1
70,1
66,1
4,1
5,1
6,1
7,1
25,1
45,1
45,1
11,1
12,1
144,1
144,1
144,1
16,1
42,1
144,1
31,1
20,1
21,1
22,1
23,1
70,1
25,1
72,1
43,1
103,1
29,1
30,1
24,1
28,1
56,1
24,1
35,1
36,1
70,1
72,1
129,1
115,1
72,1
42,1
72,1
51,1
45,1
46,1
47,1
10,1
50,1
50,1
54,1
51,1
151,1
54,1
55,1
30,1
57,1
58,1
59,1
60,1
61,1
68,1
63,1
64,1
71,1
66,1
62,1
30,1
69,1
70,1
66,1
69,1
120,1
73,1
100,1
139,1
102,1
103,1
12,1
73,1
106,1
107,1
0,1
109,1
55,1
99,1
108,1
19,1
143,1
117,1
116,1
31,1
72,1
119,1
120,1
121,1
151,1
122,1
124,1
24,1
126,1
127,1
123,1
72,1
136,1
137,1
138,1
139,1
17,1
141,1
142,1
143,1
15,1
144,1
149,1
150,1
122,1
86,1
75,1
76,1
77,1
78,1
79,1
83,1
77,1
81,1
132,1
84,1
85,1
87,1
78,1
88,1
89,1
90,1
91,1
92,1
93,1
94,1
95,1
80,1
97,1
98,1
130,1
85,1
132,1
133,1
134,1
135,1
146,1
88,1
61,1
35,1
69,1
29,1
49,1
17,1
141,1
54,1
8,1
28,1
10,1
11,1
12,1
18,1
61,1
15,1
139,1
149,1
18,1
39,1
20,1
61,1
141,1
23,1
31,1
60,1
39,1
48,1
8,1
50,1
30,1
39,1
57,1
55,1
47,1
35,1
41,1
70,1
31,1
39,1
115,1
115,1
42,1
43,1
127,1
45,1
46,1
62,1
8,1
65,1
29,1
35,1
12,1
151,1
7,1
113,1
57,1
125,1
58,1
59,1
22,1
61,1
63,1
63,1
31,1
65,1
66,1
13,1
62,1
69,1
47,1
50,1
44,1
55,1
73,1
57,1
114,1
102,1
109,1
45,1
120,1
147,1
107,1
108,1
108,1
55,1
70,1
107,1
113,1
55,1
22,1
115,1
117,1
19,1
119,1
120,1
5,1
151,1
126,1
6,1
22,1
126,1
124,1
126,1
43,1
121,1
137,1
140,1
139,1
149,1
141,1
46,1
143,1
70,1
14,1
140,1
34,1
142,1
74,1
75,1
76,1
77,1
78,1
148,1
80,1
81,1
82,1
83,1
85,1
85,1
86,1
78,1
88,1
89,1
86,1
91,1
92,1
93,1
94,1
95,1
96,1
97,1
98,1
75,1
78,1
132,1
94,1
75,1
135,1
146,1
74,1
30,1
48,1
19,1
21,1
4,1
21,1
6,1
7,1
8,1
10,1
10,1
11,1
12,1
13,1
14,1
15,1
16,1
140,1
47,1
19,1
20,1
21,1
66,1
23,1
24,1
48,1
26,1
64,1
48,1
71,1
30,1
31,1
32,1
42,1
144,1
35,1
36,1
37,1
2,1
37,1
27,1
40,1
42,1
24,1
15,1
45,1
46,1
47,1
48,1
4,1
50,1
4,1
147,1
52,1
54,1
73,1
33,1
48,1
109,1
59,1
60,1
61,1
64,1
63,1
5,1
144,1
66,1
67,1
68,1
56,1
67,1
11,1
44,1
73,1
9,1
57,1
101,1
102,1
103,1
104,1
105,1
106,1
107,1
108,1
109,1
110,1
111,1
112,1
113,1
114,1
115,1
68,1
38,1
43,1
119,1
120,1
3,1
122,1
124,1
124,1
45,1
102,1
127,1
142,1
19,1
137,1
136,1
138,1
33,1
140,1
141,1
142,1
143,1
144,1
35,1
140,1
150,1
138,1
131,1
148,1
78,1
131,1
78,1
79,1
80,1
81,1
86,1
83,1
84,1
85,1
76,1
87,1
88,1
94,1
80,1
91,1
92,1
93,1
97,1
95,1
96,1
97,1
98,1
130,1
93,1
132,1
133,1
77,1
135,1
146,1
148,1
36,1
68,1
2,1
45,1
54,1
3,1
147,1
7,1
8,1
8,1
9,1
11,1
12,1
13,1
14,1
15,1
35,1
121,1
47,1
19,1
20,1
21,1
22,1
23,1
125,1
25,1
0,1
48,1
8,1
71,1
30,1
31,1
127,1
33,1
1,1
34,1
36,1
70,1
38,1
1,1
36,1
31,1
42,1
41,1
40,1
45,1
46,1
1,1
8,1
7,1
50,1
54,1
52,1
141,1
54,1
106,1
32,1
69,1
58,1
59,1
60,1
61,1
43,1
63,1
64,1
36,1
66,1
67,1
68,1
53,1
67,1
29,1
72,1
99,1
99,1
127,1
101,1
102,1
103,1
104,1
105,1
106,1
107,1
108,1
58,1
110,1
111,1
112,1
113,1
114,1
115,1
39,1
117,1
118,1
119,1
120,1
3,1
124,1
124,1
127,1
125,1
109,1
127,1
122,1
129,1
137,1
137,1
59,1
12,1
126,1
121,1
10,1
143,1
13,1
35,1
140,1
142,1
151,1
87,1
77,1
93,1
77,1
78,1
83,1
82,1
93,1
80,1
83,1
85,1
75,1
86,1
93,1
88,1
97,1
80,1
91,1
92,1
93,1
94,1
130,1
131,1
86,1
98,1
130,1
131,1
91,1
133,1
134,1
96,1
146,1
131,1
68,1
63,1
67,1
127,1
4,1
5,1
6,1
7,1
8,1
25,1
10,1
11,1
11,1
61,1
14,1
15,1
16,1
28,1
47,1
19,1
20,1
29,1
22,1
23,1
36,1
9,1
43,1
5,1
10,1
29,1
30,1
31,1
32,1
8,1
63,1
1,1
36,1
2,1
21,1
39,1
36,1
24,1
42,1
125,1
10,1
62,1
46,1
47,1
9,1
128,1
121,1
29,1
149,1
66,1
54,1
110,1
56,1
22,1
58,1
59,1
60,1
66,1
65,1
29,1
65,1
138,1
66,1
62,1
25,1
70,1
70,1
71,1
72,1
55,1
99,1
100,1
101,1
47,1
103,1
73,1
105,1
106,1
107,1
24,1
47,1
55,1
114,1
112,1
113,1
143,1
39,1
115,1
39,1
43,1
119,1
99,1
52,1
54,1
46,1
128,1
62,1
28,1
6,1
49,1
129,1
5,1
138,1
138,1
139,1
140,1
141,1
142,1
143,1
144,1
35,1
149,1
66,1
151,1
31,1
14,1
31,1
3,1
4,1
36,1
6,1
6,1
8,1
1,1
24,1
11,1
12,1
13,1
13,1
15,1
16,1
121,1
18,1
19,1
66,1
21,1
66,1
61,1
24,1
60,1
150,1
27,1
28,1
29,1
3,1
24,1
64,1
150,1
13,1
14,1
116,1
70,1
39,1
2,1
24,1
40,1
42,1
43,1
125,1
150,1
151,1
47,1
57,1
51,1
50,1
29,1
50,1
51,1
54,1
55,1
56,1
33,1
58,1
59,1
66,1
60,1
36,1
63,1
64,1
29,1
66,1
62,1
68,1
69,1
70,1
151,1
72,1
110,1
73,1
32,1
101,1
102,1
103,1
104,1
105,1
106,1
107,1
108,1
109,1
55,1
10,1
112,1
113,1
114,1
115,1
21,1
117,1
40,1
119,1
120,1
61,1
71,1
4,1
127,1
40,1
126,1
123,1
138,1
140,1
122,1
137,1
112,1
139,1
140,1
141,1
142,1
143,1
144,1
145,1
149,1
125,1
122,1
131,1
75,1
75,1
77,1
78,1
79,1
96,1
81,1
80,1
83,1
84,1
85,1
86,1
78,1
88,1
94,1
90,1
91,1
92,1
93,1
94,1
77,1
96,1
97,1
98,1
130,1
131,1
132,1
133,1
81,1
135,1
146,1
148,1
148,1
75,1
74,1
77,1
78,1
79,1
80,1
81,1
93,1
83,1
97,1
78,1
76,1
93,1
88,1
89,1
90,1
91,1
92,1
93,1
94,1
95,1
80,1
97,1
98,1
97,1
93,1
132,1
133,1
134,1
135,1
146,1
148,1
0,1
28,1
144,1
3,1
4,1
6,1
6,1
4,1
48,1
9,1
10,1
11,1
12,1
14,1
13,1
15,1
14,1
100,1
18,1
19,1
66,1
6,1
22,1
23,1
125,1
44,1
43,1
10,1
10,1
29,1
30,1
31,1
127,1
8,1
3,1
12,1
36,1
35,1
26,1
38,1
24,1
38,1
42,1
2,1
44,1
27,1
46,1
18,1
48,1
49,1
50,1
52,1
49,1
53,1
54,1
55,1
63,1
57,1
58,1
59,1
60,1
61,1
62,1
62,1
36,1
65,1
142,1
125,1
24,1
65,1
144,1
4,1
72,1
73,1
99,1
100,1
101,1
102,1
33,1
104,1
105,1
106,1
107,1
40,1
109,1
110,1
111,1
112,1
113,1
114,1
115,1
40,1
41,1
72,1
119,1
120,1
50,1
124,1
123,1
53,1
40,1
42,1
123,1
122,1
72,1
126,1
137,1
136,1
139,1
140,1
141,1
142,1
143,1
13,1
14,1
140,1
115,1
4,1
74,1
75,1
74,1
77,1
78,1
74,1
80,1
81,1
82,1
96,1
84,1
131,1
86,1
87,1
88,1
90,1
91,1
92,1
131,1
94,1
93,1
96,1
97,1
98,1
131,1
131,1
132,1
133,1
134,1
135,1
146,1
148,1
0,1
45,1
2,1
3,1
4,1
32,1
6,1
7,1
57,1
45,1
25,1
11,1
11,1
13,1
14,1
64,1
35,1
17,1
18,1
19,1
124,1
56,1
20,1
23,1
24,1
56,1
150,1
100,1
47,1
71,1
72,1
62,1
100,1
47,1
64,1
35,1
144,1
34,1
68,1
68,1
68,1
34,1
42,1
36,1
45,1
45,1
123,1
47,1
28,1
3,1
49,1
10,1
52,1
123,1
54,1
18,1
56,1
47,1
103,1
59,1
22,1
61,1
144,1
5,1
67,1
35,1
136,1
64,1
68,1
69,1
144,1
69,1
126,1
57,1
112,1
137,1
123,1
46,1
62,1
126,1
127,1
151,1
137,1
151,1
126,1
11,1
139,1
140,1
141,1
142,1
143,1
150,1
150,1
120,1
150,1
122,1
1,1
1,1
129,1
45,1
4,1
24,1
6,1
4,1
57,1
25,1
25,1
12,1
12,1
139,1
14,1
18,1
64,1
17,1
144,1
18,1
17,1
39,1
22,1
22,1
56,1
150,1
129,1
141,1
43,1
50,1
32,1
118,1
125,1
47,1
125,1
57,1
40,1
3,1
68,1
116,1
43,1
39,1
42,1
72,1
43,1
45,1
123,1
47,1
48,1
50,1
50,1
21,1
5,1
9,1
54,1
111,1
56,1
100,1
103,1
59,1
60,1
61,1
150,1
24,1
31,1
15,1
66,1
62,1
72,1
69,1
72,1
71,1
72,1
73,1
141,1
137,1
122,1
122,1
125,1
126,1
127,1
71,1
129,1
137,1
137,1
138,1
126,1
126,1
141,1
142,1
143,1
47,1
12,1
140,1
150,1
138,1
73,1
100,1
101,1
102,1
58,1
112,1
99,1
120,1
139,1
108,1
109,1
73,1
73,1
112,1
140,1
140,1
150,1
5,1
55,1
118,1
112,1
120,1
90,1
75,1
74,1
77,1
131,1
79,1
80,1
81,1
83,1
131,1
85,1
85,1
131,1
83,1
88,1
89,1
90,1
91,1
92,1
93,1
94,1
95,1
80,1
97,1
83,1
77,1
131,1
132,1
133,1
134,1
135,1
146,1
86,1
1,1
1,1
1,1
61,1
151,1
141,1
22,1
66,1
28,1
6,1
53,1
11,1
12,1
14,1
14,1
145,1
22,1
5,1
18,1
19,1
20,1
56,1
22,1
23,1
36,1
127,1
22,1
22,1
1,1
29,1
30,1
39,1
44,1
33,1
64,1
63,1
62,1
15,1
68,1
31,1
62,1
64,1
42,1
43,1
1,1
1,1
7,1
34,1
48,1
4,1
49,1
3,1
72,1
53,1
54,1
55,1
100,1
28,1
58,1
59,1
20,1
61,1
64,1
63,1
5,1
65,1
66,1
65,1
63,1
69,1
68,1
71,1
150,1
63,1
43,1
124,1
123,1
53,1
125,1
126,1
127,1
122,1
149,1
141,1
137,1
138,1
139,1
140,1
141,1
142,1
143,1
144,1
63,1
149,1
150,1
53,1
99,1
17,1
101,1
102,1
103,1
104,1
105,1
106,1
107,1
108,1
109,1
73,1
111,1
112,1
140,1
114,1
115,1
115,1
140,1
118,1
104,1
138,1
76,1
88,1
76,1
77,1
78,1
79,1
80,1
88,1
75,1
98,1
84,1
94,1
90,1
87,1
88,1
133,1
90,1
91,1
92,1
132,1
94,1
93,1
82,1
97,1
98,1
130,1
131,1
132,1
79,1
76,1
135,1
146,1
148,1
5,1
1,1
144,1
6,1
52,1
38,1
6,1
7,1
8,1
32,1
127,1
11,1
12,1
14,1
14,1
13,1
14,1
6,1
18,1
19,1
20,1
21,1
22,1
23,1
40,1
30,1
26,1
127,1
28,1
29,1
30,1
64,1
100,1
8,1
62,1
35,1
36,1
34,1
5,1
39,1
62,1
36,1
42,1
118,1
1,1
1,1
7,1
47,1
44,1
50,1
50,1
6,1
6,1
127,1
54,1
139,1
56,1
57,1
58,1
59,1
20,1
61,1
62,1
71,1
36,1
65,1
66,1
62,1
68,1
69,1
0,1
65,1
41,1
73,1
17,1
124,1
123,1
127,1
127,1
126,1
68,1
127,1
105,1
136,1
137,1
72,1
66,1
149,1
46,1
142,1
143,1
144,1
149,1
149,1
150,1
122,1
99,1
100,1
101,1
102,1
103,1
104,1
105,1
106,1
107,1
108,1
109,1
110,1
111,1
104,1
113,1
114,1
149,1
115,1
117,1
118,1
119,1
120,1
86,1
75,1
76,1
77,1
78,1
79,1
82,1
88,1
88,1
83,1
85,1
84,1
74,1
87,1
89,1
89,1
90,1
91,1
92,1
93,1
94,1
78,1
82,1
97,1
98,1
130,1
93,1
132,1
133,1
78,1
135,1
88,1
81,1
61,1
127,1
59,1
150,1
105,1
57,1
141,1
104,1
150,1
141,1
69,1
129,1
18,1
57,1
100,1
69,1
57,1
109,1
31,1
113,1
150,1
109,1
139,1
109,1
109,1
42,1
113,1
18,1
125,1
47,1
57,1
18,1
110,1
18,1
141,1
118,1
57,1
117,1
109,1
115,1
35,1
117,1
18,1
125,1
113,1
57,1
12,1
57,1
44,1
69,1
18,1
18,1
129,1
124,1
69,1
28,1
114,1
42,1
61,1
57,1
127,1
124,1
41,1
33,1
152,1
104,1
57,1
124,1
12,1
149,1
61,1
61,1
11,1
125,1
12,1
152,1
126,1
60,1
61,1
61,1
6,1
53,1
142,1
137,1
61,1
35,1
47,1
127,1
64,1
147,1
142,1
152,1
153,1
64,1
61,1
14,1
100,1
53,1
57,1
71,1
64,1
43,1
128,1
63,1
61,1
120,1
129,1
113,1
19,1
60,1
137,1
66,1
61,1
61,1
35,1
57,1
65,1
66,1
135,1
133,1
146,1
146,1
91,1
130,1
97,1
146,1
95,1
148,1
90,1
146,1
89,1
83,1
88,1
69,1
74,1
130,1
146,1
133,1
91,1
79,1
92,1
97,1
97,1
97,1
135,1
78,1
137,1
97,1
86,1
133,1
133,1
62,1
28,1
2,1
30,1
7,1
5,1
66,1
7,1
48,1
9,1
10,1
11,1
11,1
13,1
14,1
15,1
16,1
21,1
13,1
19,1
21,1
21,1
22,1
23,1
21,1
125,1
26,1
27,1
28,1
122,1
30,1
31,1
100,1
13,1
65,1
35,1
36,1
118,1
68,1
149,1
62,1
62,1
42,1
63,1
56,1
56,1
127,1
150,1
27,1
54,1
124,1
122,1
122,1
46,1
29,1
18,1
10,1
48,1
58,1
59,1
60,1
61,1
30,1
63,1
30,1
13,1
121,1
64,1
36,1
26,1
24,1
3,1
68,1
73,1
20,1
124,1
122,1
99,1
100,1
101,1
109,1
103,1
27,1
63,1
116,1
6,1
39,1
37,1
136,1
136,1
138,1
1,1
140,1
151,1
142,1
106,1
144,1
14,1
149,1
42,1
141,1
73,1
105,1
112,1
107,1
65,1
103,1
99,1
111,1
120,1
9,1
111,1
116,1
108,1
26,1
118,1
9,1
99,1
86,1
75,1
76,1
86,1
78,1
89,1
131,1
78,1
80,1
83,1
95,1
85,1
76,1
77,1
85,1
94,1
80,1
91,1
92,1
93,1
85,1
95,1
80,1
85,1
80,1
130,1
75,1
132,1
133,1
134,1
96,1
146,1
83,1
125,1
35,1
16,1
56,1
49,1
20,1
53,1
7,1
32,1
32,1
9,1
11,1
12,1
13,1
13,1
35,1
5,1
5,1
18,1
31,1
32,1
21,1
22,1
136,1
38,1
32,1
20,1
27,1
32,1
29,1
26,1
27,1
32,1
42,1
38,1
1,1
38,1
19,1
27,1
45,1
36,1
118,1
100,1
59,1
29,1
29,1
124,1
63,1
9,1
4,1
29,1
127,1
29,1
53,1
53,1
36,1
56,1
25,1
58,1
59,1
129,1
60,1
65,1
29,1
59,1
67,1
20,1
67,1
44,1
67,1
62,1
71,1
140,1
55,1
61,1
53,1
124,1
53,1
36,1
101,1
127,1
11,1
137,1
122,1
122,1
139,1
149,1
53,1
52,1
114,1
13,1
14,1
138,1
18,1
7,1
99,1
126,1
58,1
102,1
109,1
119,1
104,1
106,1
107,1
59,1
64,1
107,1
44,1
112,1
113,1
106,1
116,1
26,1
31,1
118,1
119,1
119,1
94,1
84,1
85,1
77,1
78,1
75,1
78,1
77,1
148,1
148,1
75,1
84,1
87,1
86,1
89,1
89,1
85,1
78,1
92,1
74,1
134,1
77,1
87,1
134,1
83,1
79,1
93,1
148,1
130,1
134,1
137,1
146,1
134,1
0,1
1,1
37,1
21,1
50,1
17,1
6,1
7,1
8,1
9,1
127,1
11,1
12,1
13,1
64,1
15,1
16,1
17,1
18,1
19,1
20,1
21,1
22,1
109,1
36,1
25,1
27,1
27,1
8,1
49,1
30,1
37,1
3,1
47,1
47,1
14,1
62,1
37,1
24,1
31,1
24,1
26,1
5,1
108,1
5,1
30,1
46,1
47,1
44,1
49,1
4,1
129,1
52,1
53,1
54,1
21,1
56,1
57,1
58,1
59,1
60,1
60,1
0,1
63,1
64,1
65,1
66,1
67,1
116,1
0,1
70,1
71,1
124,1
72,1
151,1
121,1
124,1
46,1
122,1
68,1
126,1
127,1
26,1
54,1
151,1
138,1
139,1
140,1
141,1
142,1
106,1
144,1
145,1
149,1
64,1
123,1
18,1
56,1
101,1
48,1
103,1
108,1
105,1
106,1
107,1
108,1
109,1
106,1
111,1
112,1
19,1
114,1
104,1
115,1
41,1
24,1
119,1
120,1
74,1
75,1
76,1
146,1
78,1
79,1
80,1
81,1
82,1
83,1
84,1
85,1
95,1
87,1
88,1
89,1
90,1
91,1
92,1
93,1
94,1
95,1
82,1
135,1
130,1
93,1
132,1
133,1
134,1
135,1
146,1
148,1
128,1
74,1
75,1
76,1
81,1
80,1
79,1
80,1
77,1
82,1
83,1
84,1
84,1
86,1
87,1
88,1
134,1
90,1
91,1
92,1
93,1
94,1
91,1
96,1
89,1
98,1
74,1
93,1
132,1
133,1
134,1
135,1
97,1
87,1
15,1
144,1
2,1
136,1
4,1
124,1
66,1
25,1
22,1
11,1
12,1
15,1
125,1
15,1
149,1
129,1
31,1
143,1
66,1
72,1
22,1
23,1
62,1
10,1
69,1
69,1
48,1
29,1
69,1
73,1
14,1
24,1
0,1
64,1
110,1
38,1
26,1
40,1
36,1
115,1
105,1
149,1
45,1
46,1
40,1
72,1
7,1
141,1
71,1
128,1
142,1
72,1
119,1
108,1
57,1
58,1
59,1
23,1
20,1
70,1
71,1
64,1
62,1
66,1
67,1
72,1
69,1
138,1
71,1
72,1
154,1
63,1
6,1
124,1
46,1
24,1
12,1
127,1
102,1
123,1
137,1
138,1
139,1
73,1
141,1
142,1
143,1
2,1
150,1
129,1
24,1
141,1
73,1
150,1
101,1
102,1
12,1
73,1
129,1
143,1
101,1
72,1
109,1
139,1
47,1
112,1
107,1
114,1
116,1
116,1
110,1
118,1
99,1
120,1
76,1
75,1
87,1
77,1
78,1
79,1
80,1
85,1
74,1
83,1
85,1
85,1
87,1
87,1
86,1
89,1
90,1
91,1
92,1
93,1
94,1
130,1
96,1
97,1
83,1
77,1
131,1
91,1
133,1
134,1
135,1
146,1
87,1
0,1
1,1
31,1
3,1
5,1
6,1
29,1
48,1
9,1
10,1
11,1
11,1
13,1
14,1
15,1
16,1
5,1
18,1
19,1
20,1
32,1
22,1
23,1
67,1
10,1
39,1
27,1
48,1
29,1
30,1
31,1
32,1
111,1
140,1
1,1
67,1
31,1
38,1
70,1
31,1
41,1
21,1
118,1
44,1
25,1
122,1
47,1
8,1
4,1
54,1
53,1
53,1
53,1
54,1
55,1
25,1
18,1
58,1
59,1
60,1
61,1
68,1
63,1
24,1
65,1
147,1
65,1
3,1
70,1
137,1
72,1
73,1
7,1
124,1
124,1
122,1
2,1
109,1
127,1
149,1
59,1
140,1
59,1
137,1
138,1
139,1
140,1
141,1
129,1
105,1
66,1
143,1
145,1
35,1
149,1
63,1
151,1
99,1
100,1
101,1
101,1
103,1
73,1
120,1
106,1
107,1
149,1
136,1
19,1
109,1
55,1
110,1
112,1
113,1
106,1
3,1
3,1
117,1
118,1
119,1
120,1
129,1
129,1
74,1
75,1
76,1
77,1
78,1
79,1
90,1
81,1
81,1
76,1
85,1
81,1
74,1
90,1
88,1
133,1
90,1
90,1
92,1
131,1
134,1
81,1
80,1
130,1
89,1
130,1
96,1
132,1
89,1
92,1
135,1
75,1
90,1
0,1
125,1
1,1
3,1
6,1
17,1
6,1
7,1
28,1
10,1
25,1
11,1
11,1
150,1
109,1
16,1
23,1
17,1
62,1
2,1
3,1
22,1
59,1
61,1
62,1
127,1
26,1
154,1
8,1
152,1
37,1
37,1
56,1
28,1
23,1
35,1
36,1
1,1
41,1
38,1
31,1
45,1
42,1
43,1
34,1
45,1
123,1
47,1
28,1
54,1
29,1
153,1
51,1
142,1
4,1
110,1
22,1
28,1
58,1
23,1
46,1
23,1
29,1
6,1
16,1
62,1
7,1
46,1
12,1
12,1
56,1
11,1
8,1
12,1
6,1
122,1
124,1
122,1
23,1
126,1
127,1
149,1
142,1
137,1
22,1
58,1
140,1
124,1
142,1
16,1
2,1
1,1
58,1
24,1
122,1
23,1
46,1
58,1
8,1
59,1
104,1
27,1
106,1
58,1
22,1
23,1
114,1
111,1
112,1
2,1
103,1
31,1
23,1
2,1
118,1
112,1
2,1
0,1
24,1
37,1
3,1
50,1
26,1
46,1
68,1
13,1
48,1
25,1
11,1
12,1
13,1
14,1
18,1
16,1
17,1
144,1
19,1
20,1
3,1
60,1
23,1
108,1
9,1
108,1
27,1
47,1
29,1
3,1
39,1
32,1
47,1
28,1
42,1
47,1
37,1
108,1
26,1
47,1
65,1
42,1
5,1
150,1
12,1
46,1
47,1
48,1
4,1
4,1
9,1
52,1
109,1
49,1
21,1
21,1
42,1
101,1
59,1
60,1
59,1
62,1
144,1
3,1
65,1
66,1
62,1
62,1
71,1
70,1
62,1
72,1
73,1
3,1
122,1
127,1
118,1
140,1
126,1
8,1
108,1
64,1
64,1
108,1
42,1
108,1
61,1
138,1
19,1
143,1
15,1
24,1
46,1
17,1
139,1
151,1
152,1
129,1
51,1
0,1
1,1
37,1
3,1
4,1
17,1
6,1
7,1
8,1
9,1
9,1
11,1
12,1
13,1
14,1
16,1
16,1
17,1
18,1
19,1
20,1
21,1
22,1
23,1
36,1
25,1
39,1
62,1
28,1
29,1
30,1
41,1
32,1
47,1
13,1
13,1
62,1
117,1
36,1
26,1
40,1
38,1
42,1
43,1
38,1
35,1
124,1
47,1
28,1
4,1
7,1
54,1
138,1
54,1
54,1
73,1
56,1
57,1
58,1
59,1
60,1
61,1
108,1
7,1
3,1
64,1
152,1
37,1
62,1
69,1
36,1
71,1
72,1
55,1
3,1
123,1
123,1
123,1
64,1
136,1
127,1
136,1
136,1
137,1
118,1
139,1
17,1
141,1
142,1
143,1
14,1
147,1
147,1
17,1
0,1
53,1
152,1
125,1
32,1
56,1
23,1
101,1
102,1
103,1
104,1
105,1
101,1
107,1
108,1
109,1
110,1
111,1
112,1
113,1
106,1
115,1
115,1
117,1
118,1
119,1
120,1
74,1
75,1
80,1
77,1
78,1
130,1
80,1
88,1
82,1
80,1
84,1
75,1
131,1
87,1
88,1
89,1
90,1
91,1
92,1
93,1
94,1
85,1
86,1
89,1
98,1
130,1
78,1
132,1
133,1
134,1
135,1
146,1
81,1
31,1
1,1
37,1
36,1
4,1
17,1
6,1
7,1
8,1
32,1
32,1
11,1
12,1
13,1
14,1
15,1
16,1
17,1
18,1
19,1
20,1
21,1
22,1
23,1
125,1
9,1
26,1
48,1
28,1
71,1
30,1
0,1
32,1
33,1
0,1
14,1
38,1
70,1
38,1
39,1
38,1
41,1
42,1
72,1
32,1
45,1
69,1
47,1
10,1
52,1
60,1
9,1
48,1
53,1
54,1
55,1
21,1
57,1
58,1
59,1
60,1
61,1
71,1
71,1
64,1
71,1
66,1
69,1
71,1
69,1
68,1
29,1
72,1
73,1
4,1
122,1
123,1
122,1
41,1
126,1
32,1
129,1
136,1
137,1
138,1
18,1
43,1
141,1
142,1
143,1
34,1
145,1
147,1
149,1
57,1
51,1
59,1
12,1
54,1
120,1
32,1
101,1
102,1
103,1
33,1
55,1
106,1
107,1
102,1
109,1
110,1
55,1
101,1
113,1
110,1
117,1
117,1
117,1
118,1
119,1
117,1
76,1
75,1
76,1
77,1
77,1
74,1
93,1
84,1
80,1
146,1
84,1
88,1
77,1
91,1
88,1
89,1
90,1
83,1
92,1
93,1
94,1
95,1
81,1
97,1
98,1
146,1
131,1
132,1
133,1
134,1
131,1
97,1
77,1
