4,1
55,1
56,1
57,1
58,1
59,1
60,1
61,1
40,1
63,1
15,1
16,1
20,1
15,1
68,1
12,1
37,1
71,1
44,1
99,1
99,1
100,1
101,1
55,1
109,1
104,1
99,1
106,1
107,1
108,1
109,1
110,1
111,1
112,1
113,1
106,1
117,1
115,1
38,1
43,1
119,1
120,1
136,1
6,1
36,1
6,1
29,1
129,1
45,1
1,1
37,1
5,1
7,1
9,1
127,1
7,1
8,1
1,1
45,1
11,1
12,1
13,1
109,1
43,1
43,1
17,1
13,1
39,1
59,1
21,1
22,1
23,1
38,1
25,1
115,1
44,1
28,1
71,1
30,1
18,1
99,1
33,1
34,1
14,1
36,1
2,1
36,1
44,1
64,1
21,1
44,1
43,1
1,1
35,1
127,1
28,1
28,1
4,1
50,1
151,1
4,1
53,1
46,1
45,1
30,1
9,1
58,1
59,1
61,1
61,1
65,1
63,1
64,1
71,1
20,1
67,1
62,1
2,1
65,1
71,1
44,1
106,1
99,1
10,1
101,1
13,1
103,1
104,1
105,1
106,1
107,1
108,1
109,1
55,1
111,1
112,1
113,1
114,1
115,1
115,1
115,1
43,1
119,1
120,1
30,1
6,1
124,1
36,1
103,1
127,1
72,1
138,1
137,1
138,1
139,1
113,1
141,1
138,1
143,1
18,1
109,1
100,1
150,1
151,1
21,1
57,1
2,1
5,1
49,1
17,1
6,1
7,1
28,1
8,1
9,1
63,1
56,1
13,1
109,1
16,1
43,1
41,1
18,1
117,1
61,1
21,1
22,1
32,1
36,1
28,1
116,1
31,1
48,1
66,1
64,1
64,1
32,1
111,1
34,1
14,1
24,1
24,1
31,1
115,1
41,1
115,1
42,1
43,1
44,1
10,1
46,1
18,1
48,1
3,1
17,1
4,1
66,1
53,1
7,1
55,1
56,1
57,1
58,1
59,1
60,1
61,1
38,1
63,1
64,1
65,1
22,1
2,1
65,1
109,1
67,1
50,1
72,1
106,1
99,1
32,1
101,1
55,1
103,1
104,1
113,1
106,1
107,1
112,1
21,1
55,1
15,1
112,1
113,1
114,1
115,1
116,1
117,1
38,1
119,1
120,1
54,1
46,1
122,1
36,1
129,1
127,1
72,1
7,1
126,1
17,1
66,1
140,1
141,1
142,1
73,1
13,1
13,1
26,1
100,1
140,1
74,1
75,1
76,1
87,1
78,1
93,1
80,1
81,1
82,1
82,1
86,1
95,1
87,1
95,1
88,1
133,1
90,1
132,1
92,1
93,1
94,1
75,1
96,1
97,1
98,1
130,1
131,1
86,1
133,1
134,1
83,1
130,1
95,1
31,1
10,1
37,1
3,1
4,1
5,1
54,1
32,1
8,1
9,1
10,1
11,1
12,1
14,1
13,1
16,1
16,1
28,1
18,1
19,1
20,1
21,1
22,1
23,1
24,1
44,1
99,1
27,1
28,1
4,1
30,1
31,1
9,1
33,1
2,1
31,1
36,1
37,1
39,1
39,1
31,1
39,1
42,1
31,1
17,1
68,1
46,1
47,1
48,1
151,1
49,1
14,1
121,1
122,1
52,1
73,1
21,1
8,1
58,1
59,1
60,1
61,1
43,1
63,1
40,1
67,1
66,1
70,1
68,1
136,1
70,1
71,1
72,1
73,1
107,1
9,1
101,1
18,1
58,1
104,1
105,1
55,1
107,1
108,1
109,1
55,1
55,1
112,1
113,1
114,1
3,1
26,1
3,1
19,1
119,1
120,1
121,1
53,1
124,1
123,1
62,1
126,1
127,1
129,1
151,1
52,1
61,1
139,1
17,1
141,1
142,1
143,1
15,1
14,1
115,1
126,1
137,1
63,1
1,1
47,1
22,1
4,1
22,1
127,1
7,1
8,1
23,1
25,1
11,1
56,1
13,1
14,1
15,1
16,1
17,1
53,1
23,1
61,1
115,1
22,1
22,1
41,1
23,1
141,1
23,1
28,1
29,1
30,1
24,1
32,1
33,1
41,1
41,1
36,1
59,1
40,1
24,1
24,1
43,1
42,1
72,1
22,1
23,1
53,1
1,1
28,1
4,1
61,1
100,1
52,1
54,1
54,1
32,1
56,1
46,1
58,1
59,1
60,1
141,1
43,1
29,1
36,1
63,1
66,1
0,1
68,1
129,1
24,1
29,1
141,1
55,1
99,1
100,1
101,1
47,1
103,1
104,1
34,1
106,1
107,1
108,1
109,1
58,1
139,1
112,1
113,1
114,1
115,1
115,1
31,1
72,1
119,1
120,1
151,1
18,1
123,1
43,1
127,1
151,1
72,1
86,1
75,1
87,1
77,1
78,1
79,1
80,1
146,1
82,1
80,1
84,1
85,1
86,1
74,1
88,1
89,1
90,1
91,1
92,1
131,1
94,1
95,1
96,1
97,1
98,1
130,1
131,1
132,1
133,1
134,1
135,1
146,1
148,1
52,1
9,1
2,1
65,1
49,1
145,1
65,1
7,1
9,1
9,1
70,1
11,1
12,1
13,1
52,1
13,1
16,1
4,1
42,1
129,1
3,1
22,1
23,1
23,1
125,1
25,1
26,1
27,1
48,1
29,1
30,1
62,1
100,1
33,1
144,1
1,1
65,1
16,1
3,1
39,1
43,1
43,1
35,1
26,1
1,1
121,1
52,1
145,1
32,1
29,1
71,1
3,1
20,1
54,1
54,1
55,1
44,1
103,1
20,1
20,1
121,1
62,1
62,1
65,1
62,1
64,1
65,1
68,1
70,1
62,1
52,1
129,1
73,1
15,1
100,1
101,1
102,1
20,1
55,1
73,1
106,1
107,1
21,1
103,1
73,1
111,1
112,1
113,1
114,1
113,1
105,1
67,1
26,1
112,1
113,1
122,1
124,1
35,1
17,1
6,1
141,1
129,1
139,1
141,1
142,1
11,1
102,1
145,1
5,1
70,1
151,1
0,1
1,1
39,1
30,1
4,1
17,1
6,1
7,1
31,1
9,1
10,1
11,1
12,1
13,1
28,1
18,1
16,1
64,1
30,1
105,1
61,1
21,1
22,1
23,1
39,1
10,1
26,1
27,1
18,1
62,1
25,1
31,1
32,1
33,1
34,1
35,1
24,1
70,1
38,1
37,1
36,1
38,1
42,1
118,1
44,1
25,1
46,1
18,1
48,1
29,1
50,1
51,1
29,1
136,1
54,1
56,1
56,1
99,1
58,1
59,1
60,1
61,1
64,1
63,1
36,1
65,1
61,1
67,1
68,1
69,1
37,1
52,1
108,1
73,1
99,1
100,1
101,1
102,1
58,1
104,1
105,1
106,1
107,1
108,1
58,1
55,1
111,1
112,1
113,1
114,1
113,1
116,1
117,1
19,1
119,1
120,1
136,1
137,1
124,1
38,1
126,1
124,1
69,1
121,1
137,1
43,1
111,1
140,1
124,1
71,1
143,1
47,1
16,1
26,1
43,1
71,1
40,1
1,1
37,1
21,1
124,1
52,1
6,1
7,1
8,1
48,1
10,1
11,1
12,1
13,1
14,1
34,1
16,1
140,1
18,1
129,1
66,1
59,1
22,1
23,1
150,1
25,1
116,1
27,1
28,1
109,1
30,1
116,1
10,1
28,1
47,1
34,1
40,1
2,1
37,1
40,1
26,1
62,1
42,1
72,1
1,1
38,1
127,1
47,1
9,1
151,1
49,1
4,1
4,1
53,1
7,1
108,1
108,1
28,1
58,1
59,1
60,1
60,1
62,1
0,1
43,1
65,1
59,1
65,1
68,1
138,1
0,1
151,1
43,1
55,1
99,1
99,1
101,1
58,1
103,1
104,1
120,1
106,1
107,1
108,1
109,1
110,1
111,1
108,1
113,1
114,1
26,1
116,1
72,1
72,1
112,1
120,1
4,1
124,1
122,1
59,1
126,1
127,1
129,1
138,1
137,1
113,1
101,1
17,1
141,1
151,1
143,1
34,1
42,1
149,1
150,1
151,1
64,1
8,1
42,1
30,1
50,1
64,1
6,1
7,1
8,1
48,1
68,1
11,1
11,1
13,1
14,1
15,1
16,1
16,1
42,1
113,1
61,1
61,1
23,1
40,1
9,1
39,1
44,1
10,1
29,1
28,1
31,1
8,1
33,1
35,1
35,1
43,1
144,1
43,1
115,1
43,1
72,1
149,1
72,1
39,1
47,1
45,1
47,1
69,1
4,1
63,1
52,1
49,1
54,1
54,1
110,1
56,1
32,1
58,1
59,1
61,1
54,1
5,1
109,1
62,1
49,1
59,1
15,1
53,1
15,1
34,1
139,1
72,1
11,1
73,1
100,1
101,1
109,1
21,1
67,1
105,1
106,1
107,1
108,1
58,1
55,1
110,1
119,1
120,1
114,1
17,1
149,1
117,1
43,1
119,1
120,1
121,1
46,1
139,1
122,1
56,1
102,1
6,1
128,1
142,1
126,1
128,1
126,1
43,1
6,1
23,1
143,1
144,1
100,1
140,1
72,1
138,1
78,1
75,1
76,1
77,1
80,1
91,1
80,1
77,1
87,1
83,1
84,1
130,1
87,1
93,1
88,1
97,1
98,1
91,1
134,1
95,1
81,1
131,1
96,1
82,1
98,1
79,1
93,1
132,1
130,1
134,1
135,1
74,1
76,1
0,1
44,1
42,1
142,1
142,1
36,1
6,1
7,1
47,1
129,1
129,1
150,1
153,1
15,1
14,1
13,1
16,1
64,1
150,1
19,1
20,1
3,1
22,1
59,1
125,1
27,1
15,1
16,1
48,1
7,1
116,1
40,1
14,1
35,1
42,1
1,1
5,1
15,1
33,1
15,1
108,1
125,1
42,1
16,1
44,1
9,1
46,1
138,1
42,1
49,1
50,1
4,1
4,1
53,1
124,1
110,1
56,1
48,1
58,1
59,1
21,1
30,1
67,1
49,1
35,1
121,1
66,1
70,1
65,1
15,1
150,1
71,1
149,1
73,1
17,1
53,1
101,1
102,1
103,1
104,1
105,1
106,1
107,1
105,1
58,1
55,1
114,1
112,1
113,1
114,1
115,1
39,1
117,1
72,1
119,1
120,1
65,1
124,1
46,1
124,1
24,1
126,1
20,1
128,1
126,1
137,1
137,1
126,1
126,1
140,1
141,1
46,1
143,1
104,1
145,1
115,1
33,1
54,1
99,1
100,1
107,1
102,1
103,1
104,1
105,1
106,1
107,1
108,1
109,1
55,1
111,1
119,1
120,1
106,1
115,1
116,1
117,1
2,1
119,1
120,1
74,1
75,1
86,1
95,1
74,1
81,1
80,1
81,1
82,1
83,1
84,1
85,1
148,1
131,1
88,1
97,1
90,1
91,1
92,1
92,1
94,1
77,1
96,1
97,1
98,1
93,1
98,1
133,1
134,1
135,1
146,1
74,1
0,1
44,1
37,1
52,1
4,1
118,1
6,1
7,1
8,1
9,1
10,1
11,1
12,1
13,1
13,1
15,1
16,1
113,1
13,1
41,1
61,1
21,1
22,1
23,1
40,1
68,1
26,1
27,1
102,1
29,1
64,1
43,1
32,1
58,1
144,1
43,1
36,1
37,1
43,1
72,1
43,1
38,1
42,1
72,1
1,1
108,1
46,1
47,1
48,1
4,1
50,1
136,1
71,1
53,1
151,1
55,1
21,1
44,1
58,1
59,1
60,1
66,1
65,1
47,1
16,1
126,1
20,1
37,1
24,1
70,1
70,1
71,1
72,1
73,1
74,1
75,1
77,1
79,1
80,1
81,1
77,1
87,1
84,1
85,1
74,1
87,1
84,1
89,1
98,1
90,1
134,1
81,1
94,1
87,1
96,1
97,1
77,1
73,1
100,1
101,1
102,1
58,1
104,1
113,1
106,1
107,1
45,1
109,1
117,1
110,1
112,1
113,1
114,1
26,1
26,1
19,1
43,1
119,1
120,1
3,1
71,1
122,1
128,1
41,1
126,1
127,1
43,1
131,1
78,1
131,1
133,1
134,1
135,1
136,1
71,1
136,1
139,1
140,1
46,1
147,1
114,1
34,1
47,1
146,1
148,1
140,1
59,1
151,1
106,1
63,1
1,1
15,1
3,1
4,1
17,1
6,1
7,1
14,1
9,1
45,1
11,1
12,1
13,1
14,1
15,1
16,1
5,1
13,1
19,1
20,1
21,1
22,1
7,1
45,1
10,1
5,1
27,1
28,1
29,1
30,1
31,1
32,1
33,1
35,1
34,1
36,1
15,1
36,1
0,1
35,1
40,1
42,1
5,1
14,1
45,1
6,1
36,1
48,1
50,1
49,1
51,1
51,1
53,1
54,1
55,1
56,1
57,1
103,1
36,1
20,1
20,1
36,1
63,1
67,1
16,1
66,1
0,1
36,1
19,1
37,1
29,1
72,1
73,1
107,1
100,1
139,1
102,1
103,1
119,1
105,1
106,1
107,1
44,1
109,1
110,1
101,1
112,1
113,1
114,1
116,1
115,1
117,1
41,1
119,1
120,1
3,1
46,1
127,1
122,1
36,1
126,1
127,1
71,1
129,1
136,1
121,1
138,1
139,1
139,1
141,1
142,1
99,1
144,1
16,1
149,1
24,1
151,1
76,1
75,1
90,1
77,1
87,1
79,1
80,1
82,1
83,1
83,1
84,1
85,1
76,1
87,1
88,1
89,1
90,1
91,1
92,1
93,1
94,1
81,1
83,1
97,1
98,1
130,1
131,1
77,1
133,1
146,1
135,1
146,1
148,1
16,1
45,1
67,1
150,1
4,1
17,1
6,1
7,1
28,1
44,1
45,1
11,1
12,1
13,1
145,1
55,1
16,1
17,1
18,1
19,1
20,1
21,1
22,1
23,1
118,1
56,1
115,1
72,1
47,1
29,1
30,1
1,1
28,1
56,1
24,1
69,1
24,1
70,1
72,1
129,1
26,1
72,1
42,1
72,1
51,1
45,1
46,1
47,1
10,1
49,1
50,1
54,1
52,1
151,1
54,1
55,1
72,1
48,1
58,1
59,1
60,1
61,1
68,1
63,1
70,1
65,1
66,1
67,1
62,1
42,1
70,1
71,1
115,1
120,1
73,1
100,1
102,1
102,1
103,1
104,1
120,1
106,1
107,1
0,1
8,1
73,1
105,1
112,1
113,1
114,1
117,1
116,1
2,1
72,1
119,1
120,1
121,1
123,1
141,1
123,1
24,1
126,1
127,1
128,1
72,1
151,1
137,1
138,1
139,1
139,1
141,1
142,1
143,1
144,1
2,1
11,1
150,1
151,1
74,1
75,1
76,1
77,1
87,1
79,1
83,1
77,1
80,1
131,1
84,1
85,1
74,1
87,1
88,1
89,1
90,1
91,1
92,1
93,1
94,1
95,1
96,1
97,1
98,1
130,1
93,1
132,1
133,1
134,1
135,1
146,1
74,1
38,1
35,1
3,1
49,1
54,1
17,1
127,1
7,1
42,1
28,1
38,1
11,1
12,1
18,1
20,1
18,1
139,1
17,1
18,1
39,1
20,1
20,1
61,1
23,1
31,1
21,1
116,1
27,1
48,1
71,1
30,1
39,1
57,1
18,1
47,1
44,1
117,1
70,1
116,1
27,1
115,1
31,1
108,1
129,1
44,1
45,1
46,1
30,1
48,1
50,1
71,1
42,1
140,1
54,1
7,1
55,1
57,1
125,1
58,1
59,1
22,1
20,1
63,1
63,1
31,1
65,1
66,1
67,1
20,1
12,1
47,1
71,1
140,1
55,1
73,1
100,1
101,1
102,1
58,1
150,1
120,1
147,1
107,1
108,1
109,1
110,1
2,1
112,1
19,1
143,1
115,1
115,1
117,1
19,1
119,1
120,1
17,1
124,1
141,1
6,1
17,1
126,1
127,1
151,1
43,1
71,1
137,1
138,1
139,1
20,1
141,1
46,1
143,1
125,1
35,1
149,1
34,1
151,1
74,1
75,1
74,1
77,1
78,1
79,1
80,1
134,1
76,1
83,1
88,1
84,1
86,1
131,1
88,1
89,1
86,1
91,1
92,1
78,1
94,1
95,1
96,1
97,1
98,1
76,1
78,1
132,1
133,1
77,1
135,1
146,1
148,1
68,1
48,1
37,1
21,1
4,1
21,1
6,1
7,1
8,1
9,1
25,1
11,1
12,1
13,1
14,1
15,1
16,1
140,1
18,1
129,1
20,1
21,1
22,1
7,1
24,1
48,1
10,1
3,1
48,1
50,1
30,1
31,1
25,1
42,1
144,1
35,1
36,1
37,1
37,1
70,1
39,1
31,1
42,1
24,1
44,1
45,1
46,1
47,1
48,1
4,1
50,1
4,1
150,1
51,1
54,1
55,1
33,1
9,1
58,1
59,1
60,1
61,1
108,1
63,1
0,1
34,1
66,1
67,1
68,1
69,1
67,1
52,1
72,1
73,1
9,1
100,1
101,1
102,1
103,1
104,1
105,1
106,1
107,1
43,1
109,1
110,1
111,1
112,1
113,1
114,1
116,1
68,1
38,1
72,1
119,1
120,1
3,1
124,1
124,1
124,1
45,1
109,1
127,1
142,1
129,1
137,1
136,1
100,1
33,1
140,1
151,1
142,1
143,1
144,1
35,1
37,1
150,1
136,1
74,1
75,1
87,1
78,1
132,1
79,1
84,1
77,1
131,1
83,1
84,1
84,1
87,1
87,1
88,1
77,1
87,1
91,1
92,1
93,1
97,1
95,1
96,1
97,1
98,1
130,1
93,1
132,1
89,1
93,1
135,1
146,1
148,1
34,1
44,1
2,1
47,1
54,1
36,1
143,1
7,1
8,1
8,1
10,1
11,1
12,1
13,1
14,1
15,1
44,1
121,1
47,1
19,1
20,1
21,1
22,1
23,1
45,1
25,1
31,1
145,1
8,1
71,1
30,1
31,1
32,1
33,1
145,1
35,1
36,1
0,1
38,1
25,1
40,1
31,1
102,1
38,1
44,1
45,1
46,1
1,1
8,1
54,1
50,1
4,1
52,1
141,1
54,1
110,1
56,1
69,1
58,1
59,1
60,1
61,1
43,1
63,1
64,1
25,1
66,1
45,1
68,1
69,1
65,1
29,1
72,1
99,1
99,1
9,1
58,1
102,1
103,1
104,1
105,1
106,1
107,1
108,1
58,1
110,1
111,1
112,1
113,1
19,1
115,1
115,1
41,1
118,1
119,1
120,1
50,1
124,1
127,1
46,1
125,1
109,1
127,1
53,1
129,1
151,1
137,1
22,1
17,1
126,1
53,1
142,1
19,1
13,1
35,1
140,1
142,1
151,1
78,1
95,1
93,1
77,1
78,1
135,1
80,1
80,1
80,1
83,1
84,1
75,1
86,1
87,1
88,1
97,1
80,1
91,1
92,1
93,1
94,1
130,1
80,1
97,1
98,1
131,1
86,1
91,1
133,1
134,1
135,1
146,1
87,1
68,1
1,1
2,1
32,1
4,1
35,1
6,1
7,1
8,1
25,1
10,1
11,1
12,1
66,1
14,1
15,1
16,1
1,1
33,1
19,1
20,1
29,1
22,1
23,1
118,1
9,1
129,1
20,1
99,1
29,1
30,1
31,1
32,1
33,1
144,1
35,1
36,1
37,1
21,1
39,1
36,1
1,1
42,1
24,1
10,1
68,1
46,1
47,1
9,1
128,1
49,1
29,1
60,1
61,1
54,1
110,1
21,1
21,1
58,1
59,1
60,1
61,1
71,1
63,1
15,1
66,1
66,1
62,1
25,1
69,1
65,1
71,1
72,1
101,1
106,1
109,1
101,1
47,1
103,1
99,1
105,1
106,1
107,1
108,1
47,1
73,1
111,1
112,1
55,1
114,1
26,1
116,1
39,1
43,1
119,1
106,1
52,1
54,1
122,1
152,1
43,1
28,1
4,1
49,1
129,1
136,1
151,1
138,1
139,1
140,1
141,1
62,1
143,1
47,1
145,1
140,1
142,1
151,1
31,1
35,1
41,1
3,1
29,1
17,1
6,1
6,1
8,1
1,1
40,1
11,1
12,1
13,1
14,1
15,1
16,1
17,1
18,1
19,1
121,1
21,1
22,1
66,1
24,1
24,1
31,1
45,1
28,1
4,1
3,1
64,1
36,1
150,1
13,1
145,1
24,1
70,1
38,1
39,1
24,1
31,1
42,1
36,1
38,1
24,1
127,1
47,1
57,1
52,1
50,1
50,1
50,1
51,1
54,1
55,1
56,1
33,1
58,1
59,1
66,1
60,1
31,1
63,1
64,1
50,1
66,1
62,1
68,1
69,1
70,1
151,1
72,1
110,1
73,1
32,1
101,1
102,1
58,1
104,1
105,1
106,1
107,1
108,1
109,1
55,1
10,1
112,1
113,1
114,1
115,1
38,1
117,1
118,1
119,1
120,1
61,1
122,1
4,1
124,1
31,1
126,1
127,1
138,1
138,1
122,1
137,1
138,1
139,1
140,1
141,1
142,1
143,1
47,1
145,1
149,1
125,1
122,1
76,1
75,1
76,1
77,1
78,1
76,1
96,1
81,1
80,1
83,1
84,1
84,1
86,1
78,1
94,1
94,1
90,1
91,1
92,1
76,1
94,1
77,1
96,1
97,1
98,1
130,1
93,1
132,1
133,1
134,1
135,1
146,1
148,1
148,1
75,1
76,1
87,1
78,1
74,1
80,1
134,1
77,1
132,1
84,1
82,1
76,1
93,1
88,1
89,1
90,1
91,1
92,1
93,1
94,1
95,1
80,1
97,1
98,1
130,1
93,1
90,1
133,1
134,1
135,1
146,1
148,1
35,1
57,1
144,1
44,1
4,1
6,1
54,1
7,1
48,1
9,1
10,1
11,1
12,1
34,1
14,1
13,1
16,1
100,1
18,1
19,1
20,1
29,1
22,1
23,1
0,1
25,1
26,1
10,1
9,1
29,1
30,1
31,1
127,1
8,1
24,1
1,1
36,1
37,1
26,1
38,1
40,1
36,1
42,1
72,1
25,1
25,1
46,1
103,1
48,1
52,1
50,1
52,1
51,1
53,1
54,1
55,1
63,1
57,1
58,1
59,1
60,1
61,1
36,1
62,1
36,1
149,1
142,1
125,1
24,1
70,1
67,1
71,1
72,1
73,1
99,1
100,1
102,1
102,1
33,1
104,1
105,1
106,1
107,1
43,1
102,1
110,1
111,1
112,1
113,1
114,1
115,1
26,1
41,1
19,1
119,1
120,1
50,1
124,1
123,1
53,1
36,1
140,1
123,1
123,1
129,1
126,1
151,1
136,1
139,1
140,1
141,1
142,1
143,1
13,1
145,1
115,1
21,1
71,1
74,1
75,1
76,1
77,1
78,1
74,1
80,1
81,1
82,1
96,1
82,1
131,1
74,1
87,1
88,1
90,1
91,1
92,1
148,1
94,1
95,1
96,1
97,1
91,1
93,1
131,1
91,1
133,1
134,1
135,1
146,1
148,1
0,1
28,1
2,1
69,1
4,1
32,1
46,1
66,1
47,1
10,1
10,1
11,1
11,1
13,1
14,1
64,1
16,1
17,1
18,1
19,1
141,1
56,1
22,1
23,1
24,1
56,1
153,1
27,1
47,1
71,1
125,1
62,1
43,1
18,1
34,1
35,1
47,1
67,1
68,1
154,1
40,1
34,1
42,1
36,1
24,1
68,1
127,1
47,1
57,1
50,1
50,1
28,1
52,1
154,1
54,1
18,1
10,1
45,1
103,1
59,1
22,1
70,1
144,1
139,1
18,1
34,1
66,1
64,1
68,1
65,1
70,1
65,1
129,1
57,1
69,1
126,1
123,1
124,1
36,1
126,1
46,1
122,1
129,1
151,1
123,1
118,1
139,1
140,1
141,1
142,1
139,1
70,1
145,1
140,1
150,1
138,1
0,1
1,1
43,1
52,1
4,1
45,1
6,1
52,1
57,1
25,1
25,1
12,1
12,1
139,1
14,1
18,1
5,1
17,1
144,1
15,1
17,1
149,1
22,1
22,1
56,1
45,1
129,1
141,1
21,1
50,1
21,1
150,1
45,1
47,1
150,1
14,1
62,1
3,1
24,1
115,1
72,1
38,1
42,1
43,1
35,1
45,1
123,1
47,1
48,1
50,1
29,1
21,1
51,1
9,1
54,1
55,1
69,1
9,1
103,1
59,1
60,1
61,1
39,1
64,1
31,1
15,1
66,1
27,1
72,1
69,1
72,1
71,1
72,1
73,1
7,1
126,1
123,1
124,1
125,1
126,1
125,1
71,1
129,1
141,1
126,1
138,1
103,1
129,1
60,1
142,1
143,1
125,1
35,1
149,1
150,1
138,1
149,1
32,1
101,1
102,1
103,1
26,1
120,1
139,1
107,1
19,1
109,1
55,1
73,1
112,1
140,1
140,1
150,1
11,1
55,1
118,1
112,1
120,1
132,1
75,1
93,1
77,1
131,1
79,1
80,1
82,1
96,1
83,1
85,1
85,1
83,1
83,1
88,1
89,1
90,1
91,1
92,1
93,1
94,1
95,1
80,1
97,1
98,1
130,1
131,1
132,1
133,1
78,1
135,1
146,1
86,1
1,1
1,1
1,1
50,1
60,1
60,1
60,1
61,1
8,1
12,1
52,1
11,1
12,1
14,1
14,1
145,1
22,1
61,1
47,1
19,1
66,1
73,1
22,1
23,1
36,1
127,1
22,1
22,1
28,1
29,1
30,1
37,1
9,1
33,1
0,1
121,1
62,1
37,1
24,1
31,1
62,1
64,1
42,1
43,1
1,1
1,1
141,1
34,1
48,1
121,1
50,1
121,1
52,1
53,1
54,1
73,1
32,1
28,1
58,1
59,1
20,1
61,1
38,1
63,1
62,1
65,1
66,1
65,1
68,1
69,1
69,1
71,1
150,1
16,1
43,1
124,1
123,1
53,1
45,1
126,1
127,1
53,1
149,1
136,1
137,1
138,1
139,1
149,1
141,1
142,1
143,1
144,1
145,1
149,1
150,1
53,1
99,1
121,1
101,1
102,1
103,1
104,1
105,1
106,1
107,1
108,1
109,1
73,1
111,1
112,1
113,1
114,1
115,1
115,1
140,1
118,1
104,1
105,1
76,1
88,1
76,1
77,1
78,1
79,1
80,1
89,1
82,1
98,1
88,1
94,1
148,1
82,1
88,1
94,1
90,1
91,1
92,1
132,1
94,1
87,1
82,1
97,1
98,1
130,1
87,1
132,1
130,1
134,1
135,1
146,1
148,1
64,1
1,1
15,1
6,1
49,1
100,1
6,1
7,1
48,1
32,1
46,1
11,1
12,1
13,1
14,1
13,1
14,1
6,1
18,1
19,1
66,1
21,1
22,1
23,1
38,1
30,1
115,1
127,1
48,1
29,1
30,1
31,1
32,1
8,1
62,1
35,1
36,1
34,1
43,1
39,1
62,1
36,1
42,1
118,1
1,1
127,1
7,1
42,1
48,1
50,1
50,1
49,1
6,1
141,1
54,1
111,1
56,1
57,1
58,1
59,1
20,1
61,1
68,1
29,1
36,1
65,1
66,1
62,1
68,1
56,1
31,1
68,1
41,1
73,1
121,1
122,1
123,1
124,1
124,1
126,1
45,1
127,1
129,1
136,1
137,1
72,1
66,1
149,1
46,1
128,1
143,1
144,1
42,1
149,1
147,1
53,1
99,1
100,1
101,1
102,1
103,1
104,1
105,1
106,1
107,1
108,1
109,1
110,1
114,1
104,1
113,1
114,1
115,1
115,1
117,1
118,1
119,1
120,1
74,1
75,1
76,1
77,1
78,1
79,1
82,1
85,1
82,1
83,1
84,1
81,1
74,1
87,1
76,1
89,1
90,1
91,1
92,1
93,1
122,1
77,1
82,1
97,1
98,1
78,1
93,1
91,1
133,1
130,1
135,1
88,1
95,1
141,1
56,1
59,1
129,1
89,1
57,1
141,1
108,1
15,1
152,1
48,1
48,1
15,1
35,1
109,1
109,1
125,1
12,1
149,1
117,1
67,1
99,1
73,1
150,1
100,1
57,1
19,1
33,1
67,1
57,1
41,1
44,1
110,1
44,1
62,1
67,1
130,1
95,1
109,1
26,1
64,1
117,1
130,1
125,1
130,1
41,1
11,1
95,1
44,1
48,1
57,1
95,1
54,1
124,1
103,1
33,1
99,1
27,1
129,1
127,1
53,1
64,1
36,1
47,1
109,1
113,1
18,1
114,1
12,1
41,1
65,1
70,1
41,1
2,1
11,1
12,1
151,1
100,1
20,1
149,1
64,1
124,1
142,1
151,1
61,1
64,1
46,1
93,1
12,1
145,1
11,1
49,1
37,1
95,1
65,1
144,1
99,1
100,1
108,1
151,1
67,1
12,1
63,1
11,1
11,1
114,1
11,1
119,1
19,1
11,1
11,1
120,1
66,1
141,1
11,1
127,1
65,1
11,1
82,1
93,1
146,1
130,1
92,1
75,1
80,1
146,1
95,1
85,1
85,1
95,1
135,1
97,1
94,1
130,1
131,1
92,1
130,1
146,1
98,1
130,1
94,1
81,1
81,1
146,1
93,1
146,1
123,1
82,1
146,1
81,1
75,1
62,1
28,1
2,1
32,1
4,1
41,1
6,1
7,1
9,1
9,1
10,1
11,1
11,1
63,1
14,1
15,1
16,1
32,1
13,1
117,1
21,1
21,1
22,1
23,1
45,1
25,1
26,1
27,1
63,1
29,1
30,1
31,1
72,1
47,1
65,1
35,1
36,1
118,1
68,1
149,1
62,1
62,1
42,1
68,1
56,1
72,1
127,1
144,1
27,1
54,1
54,1
124,1
124,1
46,1
29,1
55,1
10,1
28,1
58,1
59,1
60,1
61,1
30,1
63,1
30,1
145,1
20,1
62,1
125,1
2,1
0,1
63,1
72,1
106,1
3,1
124,1
122,1
99,1
100,1
107,1
109,1
103,1
56,1
14,1
64,1
6,1
19,1
26,1
3,1
136,1
138,1
56,1
113,1
123,1
142,1
106,1
145,1
14,1
17,1
35,1
141,1
73,1
105,1
7,1
107,1
65,1
103,1
99,1
111,1
26,1
3,1
111,1
116,1
104,1
117,1
69,1
10,1
99,1
148,1
75,1
76,1
77,1
78,1
88,1
131,1
78,1
80,1
83,1
81,1
85,1
77,1
87,1
84,1
89,1
80,1
95,1
92,1
95,1
98,1
95,1
81,1
85,1
90,1
130,1
84,1
132,1
133,1
134,1
96,1
146,1
80,1
125,1
35,1
16,1
3,1
53,1
109,1
124,1
7,1
32,1
32,1
9,1
11,1
73,1
13,1
32,1
38,1
17,1
5,1
63,1
31,1
32,1
21,1
22,1
136,1
43,1
32,1
20,1
27,1
32,1
29,1
32,1
38,1
10,1
9,1
38,1
1,1
59,1
59,1
64,1
45,1
36,1
65,1
109,1
59,1
25,1
25,1
122,1
47,1
100,1
4,1
29,1
32,1
29,1
53,1
46,1
63,1
27,1
25,1
109,1
23,1
121,1
60,1
65,1
29,1
59,1
65,1
22,1
67,1
1,1
65,1
71,1
71,1
17,1
107,1
61,1
124,1
124,1
53,1
43,1
139,1
125,1
11,1
137,1
122,1
53,1
139,1
61,1
53,1
4,1
106,1
47,1
25,1
59,1
42,1
7,1
99,1
52,1
58,1
102,1
138,1
104,1
73,1
106,1
55,1
108,1
108,1
103,1
63,1
112,1
113,1
106,1
116,1
3,1
31,1
38,1
119,1
120,1
88,1
84,1
88,1
77,1
87,1
81,1
80,1
85,1
82,1
87,1
91,1
85,1
87,1
86,1
89,1
134,1
148,1
93,1
92,1
78,1
134,1
130,1
74,1
134,1
87,1
146,1
74,1
86,1
82,1
134,1
148,1
146,1
93,1
0,1
1,1
2,1
21,1
50,1
17,1
6,1
7,1
8,1
9,1
150,1
11,1
12,1
13,1
0,1
34,1
16,1
17,1
18,1
19,1
20,1
21,1
22,1
103,1
36,1
25,1
26,1
27,1
8,1
65,1
30,1
37,1
9,1
8,1
18,1
145,1
36,1
37,1
112,1
41,1
23,1
69,1
16,1
108,1
5,1
21,1
124,1
47,1
44,1
49,1
29,1
44,1
52,1
53,1
4,1
117,1
56,1
57,1
58,1
59,1
60,1
141,1
0,1
63,1
64,1
63,1
66,1
67,1
116,1
70,1
37,1
71,1
151,1
118,1
151,1
121,1
124,1
123,1
122,1
0,1
126,1
127,1
129,1
54,1
128,1
43,1
139,1
43,1
141,1
142,1
143,1
14,1
145,1
149,1
64,1
123,1
55,1
100,1
101,1
28,1
103,1
104,1
105,1
106,1
107,1
108,1
109,1
106,1
111,1
112,1
19,1
114,1
59,1
116,1
38,1
41,1
119,1
120,1
74,1
75,1
76,1
77,1
78,1
79,1
80,1
81,1
82,1
83,1
85,1
85,1
86,1
87,1
88,1
89,1
90,1
91,1
92,1
93,1
94,1
95,1
80,1
134,1
130,1
93,1
132,1
133,1
134,1
135,1
146,1
148,1
151,1
86,1
75,1
76,1
86,1
87,1
79,1
80,1
85,1
82,1
83,1
86,1
84,1
86,1
78,1
88,1
89,1
90,1
91,1
92,1
93,1
89,1
91,1
96,1
97,1
98,1
74,1
132,1
132,1
133,1
134,1
135,1
97,1
86,1
18,1
144,1
37,1
151,1
49,1
46,1
142,1
28,1
26,1
11,1
12,1
118,1
154,1
15,1
149,1
129,1
40,1
143,1
152,1
129,1
22,1
23,1
62,1
10,1
69,1
69,1
68,1
29,1
41,1
32,1
18,1
150,1
0,1
64,1
111,1
38,1
26,1
36,1
36,1
149,1
129,1
42,1
45,1
46,1
40,1
72,1
49,1
50,1
71,1
52,1
128,1
128,1
101,1
69,1
57,1
58,1
147,1
23,1
61,1
129,1
63,1
40,1
40,1
147,1
70,1
118,1
69,1
150,1
71,1
72,1
12,1
121,1
6,1
124,1
122,1
36,1
102,1
127,1
126,1
53,1
137,1
123,1
139,1
140,1
141,1
67,1
143,1
2,1
153,1
149,1
70,1
141,1
116,1
150,1
101,1
102,1
12,1
149,1
149,1
143,1
101,1
112,1
72,1
70,1
47,1
112,1
120,1
114,1
149,1
116,1
110,1
118,1
102,1
120,1
76,1
75,1
86,1
77,1
131,1
79,1
80,1
85,1
85,1
80,1
85,1
85,1
87,1
87,1
95,1
89,1
90,1
91,1
92,1
93,1
94,1
85,1
96,1
97,1
90,1
130,1
131,1
91,1
133,1
134,1
135,1
146,1
80,1
0,1
1,1
2,1
3,1
5,1
6,1
29,1
48,1
9,1
25,1
11,1
11,1
15,1
14,1
15,1
16,1
149,1
18,1
19,1
64,1
32,1
22,1
23,1
67,1
9,1
37,1
27,1
48,1
29,1
30,1
70,1
32,1
33,1
2,1
35,1
37,1
31,1
37,1
70,1
31,1
41,1
2,1
43,1
44,1
10,1
122,1
47,1
8,1
4,1
54,1
53,1
51,1
53,1
54,1
55,1
44,1
18,1
58,1
59,1
60,1
61,1
68,1
63,1
36,1
65,1
66,1
65,1
63,1
70,1
128,1
72,1
73,1
50,1
124,1
124,1
122,1
2,1
126,1
127,1
136,1
150,1
17,1
138,1
151,1
138,1
139,1
140,1
141,1
129,1
105,1
147,1
143,1
144,1
35,1
149,1
63,1
151,1
99,1
100,1
101,1
101,1
103,1
104,1
120,1
106,1
107,1
149,1
138,1
19,1
109,1
55,1
110,1
112,1
113,1
106,1
2,1
3,1
117,1
2,1
119,1
120,1
129,1
129,1
74,1
75,1
76,1
81,1
78,1
79,1
90,1
81,1
77,1
90,1
81,1
81,1
74,1
95,1
75,1
133,1
90,1
91,1
92,1
131,1
89,1
81,1
80,1
134,1
89,1
130,1
96,1
132,1
133,1
92,1
98,1
75,1
90,1
0,1
150,1
23,1
49,1
7,1
17,1
6,1
7,1
28,1
10,1
25,1
12,1
7,1
139,1
3,1
145,1
22,1
17,1
62,1
31,1
20,1
61,1
59,1
61,1
68,1
10,1
26,1
56,1
154,1
59,1
37,1
0,1
56,1
35,1
3,1
52,1
36,1
44,1
27,1
40,1
41,1
153,1
140,1
17,1
44,1
45,1
123,1
13,1
44,1
49,1
61,1
52,1
51,1
154,1
142,1
101,1
12,1
44,1
58,1
22,1
6,1
23,1
3,1
49,1
16,1
35,1
7,1
36,1
25,1
116,1
34,1
11,1
12,1
12,1
152,1
128,1
122,1
7,1
27,1
126,1
127,1
140,1
11,1
137,1
138,1
139,1
140,1
141,1
53,1
22,1
25,1
12,1
140,1
68,1
123,1
154,1
127,1
126,1
8,1
59,1
104,1
149,1
58,1
107,1
127,1
22,1
55,1
111,1
112,1
12,1
114,1
149,1
2,1
37,1
118,1
119,1
140,1
0,1
35,1
37,1
63,1
50,1
17,1
46,1
3,1
42,1
9,1
25,1
11,1
12,1
13,1
14,1
15,1
16,1
115,1
145,1
19,1
5,1
5,1
61,1
23,1
108,1
28,1
43,1
27,1
42,1
29,1
3,1
39,1
28,1
63,1
1,1
8,1
47,1
2,1
37,1
26,1
47,1
24,1
42,1
5,1
18,1
33,1
46,1
8,1
8,1
52,1
4,1
9,1
51,1
100,1
49,1
21,1
69,1
28,1
101,1
59,1
60,1
59,1
62,1
103,1
3,1
64,1
66,1
62,1
64,1
71,1
37,1
65,1
72,1
73,1
3,1
136,1
122,1
118,1
2,1
9,1
127,1
108,1
117,1
36,1
108,1
130,1
108,1
61,1
67,1
19,1
102,1
64,1
20,1
50,1
17,1
11,1
151,1
152,1
129,1
100,1
0,1
1,1
2,1
3,1
4,1
17,1
6,1
7,1
8,1
9,1
9,1
11,1
12,1
13,1
14,1
16,1
13,1
17,1
18,1
19,1
60,1
21,1
22,1
23,1
36,1
25,1
39,1
27,1
28,1
29,1
30,1
31,1
9,1
8,1
13,1
14,1
62,1
117,1
36,1
26,1
40,1
38,1
42,1
43,1
44,1
1,1
46,1
102,1
48,1
4,1
4,1
7,1
138,1
51,1
54,1
73,1
56,1
57,1
58,1
59,1
60,1
61,1
40,1
121,1
20,1
64,1
152,1
0,1
68,1
53,1
36,1
71,1
72,1
73,1
3,1
122,1
46,1
46,1
64,1
137,1
57,1
136,1
138,1
137,1
43,1
139,1
149,1
141,1
142,1
143,1
13,1
152,1
147,1
149,1
31,1
151,1
152,1
35,1
51,1
56,1
154,1
101,1
102,1
103,1
104,1
105,1
101,1
107,1
108,1
109,1
110,1
111,1
112,1
113,1
114,1
115,1
115,1
117,1
118,1
119,1
120,1
78,1
75,1
76,1
77,1
78,1
79,1
80,1
148,1
82,1
80,1
84,1
89,1
74,1
87,1
88,1
89,1
90,1
91,1
92,1
93,1
94,1
85,1
80,1
89,1
98,1
130,1
87,1
132,1
133,1
134,1
135,1
146,1
84,1
39,1
1,1
2,1
36,1
4,1
17,1
6,1
7,1
8,1
32,1
32,1
11,1
12,1
13,1
14,1
15,1
16,1
17,1
144,1
19,1
20,1
21,1
22,1
23,1
45,1
44,1
26,1
8,1
32,1
71,1
30,1
2,1
32,1
33,1
34,1
14,1
38,1
37,1
38,1
39,1
38,1
41,1
42,1
72,1
44,1
25,1
69,1
28,1
10,1
9,1
33,1
9,1
9,1
53,1
54,1
99,1
21,1
57,1
103,1
59,1
60,1
61,1
71,1
63,1
64,1
71,1
66,1
72,1
71,1
37,1
68,1
71,1
72,1
73,1
4,1
122,1
46,1
46,1
0,1
126,1
32,1
129,1
136,1
137,1
138,1
18,1
1,1
141,1
142,1
143,1
34,1
35,1
147,1
17,1
35,1
51,1
59,1
153,1
54,1
99,1
32,1
106,1
102,1
103,1
27,1
73,1
119,1
107,1
102,1
109,1
110,1
110,1
101,1
113,1
73,1
117,1
117,1
118,1
118,1
119,1
117,1
86,1
75,1
93,1
95,1
77,1
79,1
93,1
85,1
80,1
80,1
84,1
81,1
78,1
80,1
88,1
89,1
132,1
91,1
92,1
93,1
94,1
95,1
83,1
97,1
98,1
131,1
82,1
132,1
133,1
134,1
131,1
97,1
77,1
